-4.143907439413397e-14
-3.552713678800501e-17
4.3798298321462426e-14
3.552713678800501e-17
2.453592884421596e-14
0.0
-7.882583474838611e-14
-1.7763568394002505e-17
1.1901590823981678e-13
-1.7763568394002505e-17
-1.1590728377086634e-13
-1.7763568394002505e-17
1.4566126083082054e-13
-1.7763568394002505e-17
-9.481304630298837e-14
-8.881784197001253e-17
3.3084646133829665e-14
2.6645352591003756e-16
-5.46229728115577e-14
7.105427357601002e-17
4.529709940470639e-14
-7.105427357601002e-17
-9.325873406851315e-15
-7.105427357601002e-17
-1.7319479184152442e-14
-1.7763568394002506e-16
1.0658141036401503e-13
-1.0658141036401502e-16
-1.1590728377086634e-13
1.9539925233402755e-16
-7.771561172376096e-14
-1.4210854715202004e-16
1.1057821325266559e-13
4.263256414560601e-16
1.7319479184152442e-14
-1.4210854715202004e-16
-5.417888360170764e-14
1.0658141036401502e-16
1.4210854715202004e-14
-1.2434497875801754e-16
6.217248937900877e-15
4.440892098500626e-16
-4.618527782440651e-14
1.5987211554602254e-16
5.329070518200751e-15
-5.329070518200751e-16
3.552713678800501e-14
3.552713678800501e-17
3.552713678800501e-15
-1.4210854715202004e-16
2.398081733190338e-14
1.0658141036401502e-16
2.930988785010413e-14
4.440892098500626e-16
-1.127986593019159e-13
-1.0658141036401502e-16
-3.019806626980426e-14
-4.085620730620576e-16
2.0516921495072893e-13
-7.283063041541026e-16
-1.4477308241112041e-13
1.1191048088221578e-15
4.884981308350689e-14
-1.4210854715202004e-16
-9.50350909079134e-14
-1.5987211554602254e-16
9.50350909079134e-14
-5.684341886080802e-16
-1.270095140171179e-13
4.796163466380677e-16
1.509903313490213e-13
2.486899575160351e-16
2.842170943040401e-14
-1.5987211554602254e-16
-8.615330671091215e-14
3.375077994860476e-16
-4.263256414560601e-14
-8.526512829121202e-16
5.861977570020827e-14
3.730349362740526e-16
-1.2967404927621828e-13
7.993605777301127e-16
1.2434497875801753e-13
1.7763568394002506e-16
5.329070518200751e-15
8.881784197001253e-17
3.730349362740526e-14
-5.861977570020827e-16
-8.171241461241152e-14
-5.151434834260726e-16
6.394884621840902e-14
7.460698725481052e-16
-3.375077994860476e-14
-7.993605777301127e-16
2.842170943040401e-14
5.506706202140776e-16
1.5987211554602254e-14
-1.0302869668521452e-15
-8.881784197001252e-15
-3.907985046680551e-16
-5.1514348342607263e-14
1.900701818158268e-15
7.105427357601002e-15
8.881784197001253e-17
-4.973799150320701e-14
3.552713678800501e-16
-1.7763568394002505e-15
-8.881784197001253e-17
1.0658141036401503e-14
-5.151434834260726e-16
3.375077994860476e-14
3.019806626980426e-16
-4.085620730620576e-14
-2.486899575160351e-16
1.4210854715202004e-14
-1.4921397450962103e-15
4.796163466380676e-14
6.750155989720952e-16
7.460698725481052e-14
-4.796163466380677e-16
-7.815970093361102e-14
1.2434497875801752e-15
-3.375077994860476e-14
2.1316282072803005e-16
1.7763568394002505e-14
-1.4210854715202004e-16
5.3290705182007514e-14
-9.414691248821328e-16
-5.329070518200751e-15
1.4210854715202004e-16
-1.0658141036401503e-14
-1.0480505352461477e-15
-1.0835776720341528e-13
1.794120407794253e-15
7.638334409421077e-14
6.039613253960852e-16
1.7763568394002505e-15
-2.255973186038318e-15
3.375077994860476e-14
4.973799150320702e-16
-6.927791673660977e-14
7.993605777301127e-16
7.638334409421077e-14
2.3092638912203257e-16
1.7763568394002505e-15
-5.861977570020827e-16
-3.552713678800501e-15
-2.1316282072803005e-16
-3.375077994860476e-14
-3.552713678800501e-16
1.0658141036401503e-14
7.105427357601002e-17
-7.105427357601002e-15
6.217248937900876e-16
-3.552713678800501e-15
-1.1013412404281553e-15
2.842170943040401e-14
2.4513724383723455e-15
-1.7763568394002505e-14
-3.126388037344441e-15
-1.7763568394002505e-14
3.0908609005564358e-15
3.552713678800501e-15
-6.927791673660977e-16
-1.4210854715202004e-14
-2.1316282072803005e-16
-7.105427357601002e-15
1.0835776720341528e-15
3.197442310920451e-14
-8.526512829121202e-16
-2.4868995751603507e-14
-5.684341886080802e-16
1.0658141036401503e-14
-1.9539925233402755e-16
0.0
3.2152058793144534e-15
3.552713678800501e-15
-3.3928415632544782e-15
-3.552713678800501e-15
-1.2256862191861727e-15
-1.4210854715202004e-14
1.5631940186722204e-15
1.4210854715202004e-14
-4.085620730620576e-16
3.552713678800501e-15
3.552713678800501e-17
3.552713678800501e-15
-2.9842794901924207e-15
-7.105427357601002e-15
3.0553337637684308e-15
3.552713678800501e-15
1.5276668818842154e-15
0.0
-3.907985046680551e-16
-3.552713678800501e-15
-1.4153656024973315e-12
0.0
-3.1086244689504383e-15
4.440892098500626e-16
-4.263256414560601e-16
0.0
2.7711166694643907e-13
0.0
2.1316282072803005e-16
0.0
-7.105427357601002e-17
-4.440892098500626e-16
2.1316282072803005e-16
8.881784197001252e-16
-3.552713678800501e-16
8.881784197001252e-16
0.0
-3.1086244689504383e-15
1.4210854715202004e-16
1.7763568394002505e-15
7.105427357601002e-17
-1.7763568394002505e-15
-2.1316282072803005e-16
2.6645352591003757e-15
-1.4210854715202004e-16
8.881784197001252e-16
7.105427357601002e-17
-2.6645352591003757e-15
-2.1316282072803005e-16
2.6645352591003757e-15
2.1316282072803005e-16
-1.7763568394002505e-15
1.4210854715202004e-16
3.552713678800501e-15
0.0
4.440892098500626e-15
2.842170943040401e-16
-5.329070518200751e-15
7.105427357601002e-17
-2.6645352591003757e-15
-3.552713678800501e-16
-8.881784197001252e-16
-3.552713678800501e-16
8.881784197001252e-16
1.4210854715202004e-16
-2.6645352591003757e-15
-7.105427357601002e-17
1.865174681370263e-14
7.105427357601002e-17
-2.220446049250313e-14
9.947598300641404e-16
1.2434497875801753e-14
-4.973799150320702e-16
-2.1316282072803006e-14
3.552713678800501e-16
2.1316282072803006e-14
-1.0658141036401502e-15
-8.881784197001252e-15
4.263256414560601e-16
1.7763568394002505e-14
-1.4921397450962103e-15
0.0
9.947598300641404e-16
-2.4868995751603507e-14
1.7053025658242404e-15
3.552713678800501e-15
-2.0605739337042904e-15
8.881784197001252e-15
2.0605739337042904e-15
-2.4868995751603507e-14
-1.3500311979441904e-15
3.375077994860476e-14
7.815970093361102e-16
-4.085620730620576e-14
-1.5276668818842154e-15
5.861977570020827e-14
1.5631940186722204e-15
-2.842170943040401e-14
-1.2789769243681803e-15
-2.1316282072803006e-14
5.329070518200751e-16
1.2434497875801753e-14
0.0
1.9539925233402755e-14
1.0658141036401502e-15
-1.4210854715202004e-14
3.552713678800501e-16
-1.0658141036401503e-14
-1.3145040611561853e-15
-1.0658141036401503e-14
0.0
2.1316282072803006e-14
2.486899575160351e-16
-3.552713678800501e-15
-1.3145040611561853e-15
1.2434497875801753e-14
1.6697754290362353e-15
5.329070518200751e-15
-7.105427357601002e-17
-7.105427357601002e-15
1.4210854715202004e-16
1.0658141036401503e-14
-1.6697754290362353e-15
-4.796163466380676e-14
9.947598300641404e-16
5.3290705182007514e-14
3.552713678800501e-17
-5.684341886080802e-14
-3.552713678800501e-16
1.7763568394002505e-14
9.947598300641404e-16
1.4210854715202004e-14
-2.842170943040401e-16
-5.329070518200751e-15
7.105427357601002e-17
4.618527782440651e-14
-2.842170943040401e-16
-8.171241461241152e-14
-5.684341886080802e-16
1.9539925233402755e-14
7.460698725481052e-16
4.796163466380676e-14
4.263256414560601e-16
-2.6645352591003757e-14
-6.750155989720952e-16
-3.730349362740526e-14
-1.2256862191861727e-15
5.329070518200751e-15
2.7755575615628914e-16
2.842170943040401e-14
8.348877145181177e-16
7.105427357601002e-15
-5.151434834260726e-16
5.684341886080802e-14
6.927791673660977e-16
-1.9539925233402755e-14
-5.684341886080802e-16
-1.0658141036401503e-14
-1.4210854715202004e-16
-7.815970093361102e-14
5.684341886080802e-16
1.2612133559741778e-13
2.486899575160351e-16
-6.039613253960852e-14
-9.592326932761353e-16
-5.684341886080802e-14
-7.105427357601002e-17
8.526512829121202e-14
3.907985046680551e-16
-3.197442310920451e-14
3.907985046680551e-16
3.019806626980426e-14
-7.815970093361102e-16
-1.9539925233402755e-14
1.4210854715202004e-16
-2.6645352591003757e-14
8.881784197001252e-16
-1.4210854715202004e-14
0.0
2.1316282072803006e-14
-4.263256414560601e-16
-3.552713678800501e-14
5.329070518200751e-16
4.085620730620576e-14
-8.526512829121202e-16
2.6645352591003757e-14
7.105427357601002e-17
9.769962616701378e-15
5.684341886080802e-16
-1.474376176702208e-13
-2.1316282072803005e-16
1.687538997430238e-14
-2.486899575160351e-16
1.2878587085651816e-13
-5.329070518200751e-16
6.661338147750939e-14
5.684341886080802e-16
-3.6415315207705135e-14
1.0658141036401502e-16
-6.661338147750939e-14
5.329070518200751e-16
1.1191048088221578e-13
-7.105427357601002e-16
-6.217248937900877e-14
-7.105427357601002e-17
-1.3322676295501878e-13
-3.552713678800501e-16
7.72715225139109e-14
5.684341886080802e-16
-1.1368683772161603e-13
0.0
8.704148513061227e-14
7.105427357601002e-17
5.639932965095795e-14
-4.263256414560601e-16
1.7763568394002505e-15
2.1316282072803005e-16
1.7541523789077473e-14
-1.4210854715202004e-16
-1.0036416142611415e-13
7.105427357601002e-17
5.179190409876355e-14
1.4210854715202004e-16
0.0
0.0
-1.3414269695033454e-13
0.0
2.75321432319231e-13
0.0
-1.4760415112391456e-13
0.0
4.052314039881821e-15
8.881784197001253e-18
-3.0531133177191805e-14
0.0
1.642574964932919e-13
-2.6645352591003756e-17
-2.3803181647963356e-13
6.661338147750939e-17
3.4361402612148595e-14
1.7763568394002505e-17
1.9706458687096529e-13
1.1102230246251566e-17
-1.7486012637846216e-13
-5.329070518200751e-17
-4.1744385725905886e-14
-3.1086244689504386e-17
1.7896795156957523e-13
8.881784197001253e-18
1.3100631690576847e-14
-1.4210854715202004e-16
2.9531932455029164e-14
5.329070518200751e-17
-3.419486915845482e-14
-2.6645352591003756e-17
-1.7408297026122455e-13
3.552713678800501e-17
5.129230373768223e-14
-4.4408920985006264e-17
1.2656542480726785e-14
-6.217248937900877e-17
-8.926193117986259e-14
3.1974423109204507e-16
1.794120407794253e-13
-7.105427357601002e-17
-9.50350909079134e-14
-1.0658141036401502e-16
-1.554312234475219e-14
-1.7763568394002506e-16
-7.416289804496046e-14
2.842170943040401e-16
1.532107773982716e-13
-8.881784197001253e-17
1.1057821325266559e-13
3.375077994860476e-16
-2.1538326677728037e-13
-1.0658141036401502e-16
1.7497114868092467e-13
-7.105427357601002e-17
-3.9968028886505635e-15
-3.019806626980426e-16
-4.707345624410664e-14
-1.0658141036401502e-16
-1.7763568394002505e-14
8.171241461241152e-16
-7.194245199571014e-14
-1.1191048088221578e-15
6.217248937900877e-14
1.1013412404281553e-15
-1.412203687323199e-13
-4.263256414560601e-16
4.618527782440651e-14
7.105427357601002e-17
6.750155989720952e-14
5.506706202140776e-16
-5.950795411990839e-14
-5.506706202140776e-16
8.79296635503124e-14
7.105427357601002e-17
-6.128431095930864e-14
8.881784197001253e-17
3.9968028886505635e-14
-1.0835776720341528e-15
-3.197442310920451e-14
1.1723955140041654e-15
-2.5757174171303632e-14
-3.019806626980426e-16
1.0391687510491465e-13
-1.5987211554602254e-16
-5.1514348342607263e-14
3.375077994860476e-16
8.881784197001252e-15
-7.815970093361102e-16
7.993605777301127e-15
9.947598300641404e-16
-4.263256414560601e-14
-1.0658141036401502e-16
8.881784197001252e-15
-3.1974423109204507e-16
-6.039613253960852e-14
3.907985046680551e-16
1.4210854715202004e-14
-5.329070518200751e-16
6.572520305780927e-14
0.0
-1.2434497875801753e-14
7.105427357601002e-17
-2.842170943040401e-14
-1.2434497875801754e-16
4.973799150320701e-14
-3.019806626980426e-16
-7.815970093361102e-14
-6.927791673660977e-16
7.105427357601002e-14
6.394884621840901e-16
3.375077994860476e-14
1.3500311979441904e-15
-3.552713678800501e-15
-8.171241461241152e-16
-8.881784197001252e-15
1.9539925233402755e-16
-2.4868995751603507e-14
-9.059419880941278e-16
-7.105427357601002e-15
1.0658141036401502e-15
-3.907985046680551e-14
-6.750155989720952e-16
1.0302869668521453e-13
1.5454304502782179e-15
-4.618527782440651e-14
-7.993605777301127e-16
-4.796163466380676e-14
-9.414691248821328e-16
1.0835776720341528e-13
5.329070518200751e-17
-9.237055564881302e-14
-2.3092638912203257e-16
5.5067062021407764e-14
8.526512829121202e-16
-6.750155989720952e-14
5.151434834260726e-16
6.750155989720952e-14
-1.3855583347321954e-15
-9.059419880941277e-14
6.572520305780927e-16
6.217248937900877e-14
4.973799150320702e-16
3.552713678800501e-14
-2.6645352591003756e-16
-9.592326932761353e-14
-1.2434497875801754e-16
4.085620730620576e-14
2.842170943040401e-16
1.9539925233402755e-14
-1.5631940186722204e-15
1.2434497875801753e-14
7.460698725481052e-16
-1.7763568394002505e-14
-4.618527782440651e-16
3.552713678800501e-15
1.1368683772161603e-15
-3.019806626980426e-14
-2.486899575160351e-16
1.4210854715202004e-14
1.3677947663381929e-15
-3.552713678800501e-15
-8.704148513061227e-16
-3.552713678800501e-15
-1.2789769243681803e-15
3.907985046680551e-14
-3.375077994860476e-16
-5.684341886080802e-14
8.704148513061227e-16
3.552713678800501e-14
1.1901590823981679e-15
-3.552713678800501e-15
-1.758593271006248e-15
-2.4868995751603507e-14
1.1368683772161603e-15
3.552713678800501e-14
-1.4743761767022078e-15
-3.552713678800501e-14
9.592326932761353e-16
1.0658141036401503e-14
-1.5987211554602254e-16
1.0658141036401503e-14
-1.9539925233402755e-16
-1.7763568394002505e-14
2.255973186038318e-15
2.1316282072803006e-14
-2.4336088699783433e-15
-1.0658141036401503e-14
3.0730973321624333e-15
7.105427357601002e-15
-1.2256862191861727e-15
-7.105427357601002e-15
-2.7888802378583933e-15
0.0
-1.0302869668521452e-15
0.0
9.608440443287236e-10
-4.440892098500626e-16
1.655004684408823e-09
6.661338147750939e-16
-6.217248937900876e-16
-2.220446049250313e-16
1.4593837249776698e-10
2.220446049250313e-16
-2.842170943040401e-16
0.0
7.105427357601002e-17
4.440892098500626e-16
-7.105427357601002e-17
0.0
-7.105427357601002e-17
-4.440892098500626e-16
4.973799150320702e-16
4.440892098500626e-16
-4.973799150320702e-16
-2.220446049250313e-15
0.0
1.7763568394002505e-15
-3.552713678800501e-16
4.440892098500626e-15
4.973799150320702e-16
-1.7763568394002505e-15
-2.1316282072803005e-16
-1.7763568394002505e-15
2.1316282072803005e-16
-2.6645352591003757e-15
7.105427357601002e-17
4.440892098500626e-15
-7.105427357601002e-17
-6.217248937900877e-15
2.842170943040401e-16
1.0658141036401503e-14
-1.4210854715202004e-16
-2.6645352591003757e-15
-2.1316282072803005e-16
-8.881784197001252e-15
0.0
3.552713678800501e-15
-7.105427357601002e-17
1.7763568394002505e-15
5.684341886080802e-16
8.881784197001252e-16
-7.815970093361102e-16
-4.440892098500626e-15
7.105427357601002e-16
-1.0658141036401503e-14
-4.973799150320702e-16
2.1316282072803006e-14
-4.973799150320702e-16
-2.4868995751603507e-14
1.2789769243681803e-15
2.3092638912203256e-14
-9.947598300641404e-16
-1.0658141036401503e-14
4.263256414560601e-16
5.329070518200751e-15
7.105427357601002e-16
-3.552713678800501e-15
-3.552713678800501e-16
1.2434497875801753e-14
7.105427357601002e-17
-1.4210854715202004e-14
7.105427357601002e-17
-1.7763568394002505e-15
3.552713678800501e-16
3.197442310920451e-14
-4.973799150320702e-16
-3.197442310920451e-14
-4.263256414560601e-16
4.085620730620576e-14
2.1316282072803005e-16
-3.019806626980426e-14
4.973799150320702e-16
-7.105427357601002e-15
-8.526512829121202e-16
2.1316282072803006e-14
1.8474111129762605e-15
-4.085620730620576e-14
-2.6645352591003757e-15
4.973799150320701e-14
1.6342482922482305e-15
-8.881784197001252e-15
-1.9184653865522706e-15
-3.375077994860476e-14
9.947598300641404e-16
1.0658141036401503e-14
-1.4210854715202004e-16
7.105427357601002e-15
2.486899575160351e-16
-2.3092638912203256e-14
0.0
1.7763568394002505e-15
1.3145040611561853e-15
3.197442310920451e-14
-2.6290081223123707e-15
1.4210854715202004e-14
1.3500311979441904e-15
-7.105427357601002e-15
2.0605739337042904e-15
1.4210854715202004e-14
-2.2026824808563106e-15
-1.1368683772161603e-13
1.1368683772161603e-15
1.1546319456101628e-13
1.0658141036401502e-16
-2.3092638912203256e-14
0.0
-7.638334409421077e-14
-3.907985046680551e-16
-1.4210854715202004e-14
-1.8829382497642656e-15
2.6645352591003757e-14
6.750155989720952e-16
1.2256862191861728e-13
-3.907985046680551e-16
-7.815970093361102e-14
2.4868995751603505e-15
-2.1316282072803006e-14
-1.2079226507921704e-15
5.1514348342607263e-14
1.3677947663381929e-15
-6.039613253960852e-14
-2.3092638912203257e-16
2.3092638912203256e-14
-2.113864638886298e-15
4.263256414560601e-14
1.1723955140041654e-15
-7.105427357601002e-14
-9.947598300641404e-16
1.0658141036401503e-14
-4.263256414560601e-16
9.947598300641403e-14
1.6342482922482305e-15
1.2434497875801753e-14
-1.7763568394002506e-16
-9.769962616701378e-14
-6.394884621840901e-16
3.907985046680551e-14
5.684341886080802e-16
-3.552713678800501e-14
-3.552713678800501e-17
2.6645352591003757e-14
5.329070518200751e-16
-3.197442310920451e-14
-4.973799150320702e-16
5.861977570020827e-14
6.039613253960852e-16
-4.973799150320701e-14
-2.0250467969162854e-15
-3.375077994860476e-14
1.3145040611561853e-15
2.4868995751603507e-14
1.1723955140041654e-15
5.5067062021407764e-14
-1.2434497875801752e-15
3.019806626980426e-14
-1.5987211554602255e-15
-8.171241461241152e-14
1.9895196601282807e-15
-5.684341886080802e-14
2.486899575160351e-16
-8.704148513061227e-14
-6.039613253960852e-16
6.572520305780927e-14
1.0658141036401502e-16
8.881784197001252e-15
-2.486899575160351e-16
5.861977570020827e-14
4.973799150320702e-16
-1.3322676295501878e-14
-1.7763568394002506e-16
1.4566126083082054e-13
-4.618527782440651e-16
4.529709940470639e-14
4.263256414560601e-16
-1.1191048088221578e-13
1.4210854715202004e-16
3.8191672047105385e-14
7.105427357601002e-17
-7.016609515630989e-14
-6.394884621840901e-16
-1.1723955140041653e-13
6.394884621840901e-16
4.8405723873656825e-14
-2.842170943040401e-16
1.389999226830696e-13
1.4210854715202004e-16
-1.0658141036401503e-13
-1.4210854715202004e-16
7.061018436615996e-14
-2.1316282072803005e-16
-2.19824158875781e-14
7.105427357601002e-17
3.8191672047105385e-14
-2.1316282072803005e-16
-1.2656542480726785e-13
7.105427357601002e-17
7.133182933216631e-14
-7.105427357601002e-17
0.0
7.105427357601002e-17
-9.300199499406858e-14
0.0
2.2898349882893854e-13
0.0
-2.067790383364354e-13
-1.7763568394002505e-17
3.314015728506092e-14
1.3322676295501878e-17
1.0419443086107094e-13
-4.4408920985006264e-17
-5.240252676230739e-14
5.662137425588298e-17
-9.08162434143378e-14
-5.329070518200751e-17
2.919886554764162e-14
-8.881784197001253e-18
-4.141131881851834e-14
1.1102230246251565e-16
2.05613304160579e-13
-2.6645352591003756e-17
-1.2323475573339238e-13
9.769962616701378e-17
-3.8413716652030416e-14
-1.7763568394002506e-16
3.3306690738754696e-15
-6.217248937900877e-17
3.6415315207705135e-14
1.2434497875801754e-16
-1.7985612998927536e-14
-6.217248937900877e-17
4.973799150320701e-14
-2.3092638912203257e-16
-5.284661597215745e-14
1.687538997430238e-16
1.1146639167236572e-13
-2.3092638912203257e-16
-8.215650382226158e-14
3.907985046680551e-16
2.930988785010413e-14
-8.881784197001253e-18
-1.0613732115416497e-13
-1.509903313490213e-16
3.9968028886505635e-15
4.618527782440651e-16
2.6645352591003757e-15
-4.085620730620576e-16
7.549516567451064e-14
5.329070518200751e-17
-4.75175454539567e-14
-5.329070518200751e-17
-7.638334409421077e-14
3.552713678800501e-17
1.794120407794253e-13
-7.460698725481052e-16
1.509903313490213e-14
1.1013412404281553e-15
-7.904787935331115e-14
-5.684341886080802e-16
-8.260059303211165e-14
7.105427357601002e-16
9.769962616701378e-14
-1.2434497875801752e-15
4.440892098500626e-14
1.2612133559741778e-15
3.108624468950438e-14
-2.6645352591003756e-16
-2.1582735598713043e-13
5.329070518200751e-17
3.375077994860476e-14
-2.486899575160351e-16
6.128431095930864e-14
-1.9539925233402755e-16
5.595524044110789e-14
2.6645352591003756e-16
-5.773159728050814e-14
-5.151434834260726e-16
8.881784197001252e-16
-2.842170943040401e-16
3.6415315207705135e-14
3.019806626980426e-16
-4.1744385725905886e-14
8.881784197001253e-17
6.394884621840902e-14
3.375077994860476e-16
-8.08242361927114e-14
-4.796163466380677e-16
4.3520742565306136e-14
9.947598300641404e-16
-3.108624468950438e-14
-6.572520305780927e-16
5.3290705182007514e-14
-6.927791673660977e-16
3.375077994860476e-14
1.5099033134902129e-15
-7.638334409421077e-14
-8.881784197001253e-17
3.730349362740526e-14
8.881784197001252e-16
8.881784197001252e-15
-1.0835776720341528e-15
-4.618527782440651e-14
1.2434497875801754e-16
4.263256414560601e-14
-6.927791673660977e-16
-5.329070518200751e-15
-2.3092638912203257e-16
-2.6645352591003757e-14
-5.684341886080802e-16
-3.907985046680551e-14
2.1316282072803005e-16
7.460698725481052e-14
7.993605777301127e-16
8.881784197001252e-15
3.375077994860476e-16
-5.1514348342607263e-14
-8.171241461241152e-16
6.394884621840902e-14
1.3500311979441904e-15
-3.197442310920451e-14
-3.552713678800501e-16
5.5067062021407764e-14
3.019806626980426e-16
-4.973799150320701e-14
-1.7763568394002505e-17
-3.552713678800501e-15
-1.7763568394002505e-17
5.1514348342607263e-14
-1.1901590823981679e-15
-6.217248937900877e-14
-9.769962616701378e-16
-3.552713678800501e-14
-1.4210854715202004e-16
8.348877145181177e-14
1.6697754290362353e-15
-7.638334409421077e-14
3.1974423109204507e-16
7.815970093361102e-14
-3.1974423109204507e-16
-5.5067062021407764e-14
-1.0302869668521452e-15
-2.1316282072803006e-14
1.2434497875801752e-15
7.105427357601002e-14
-8.881784197001252e-16
-3.375077994860476e-14
1.1013412404281553e-15
-1.4210854715202004e-14
2.6645352591003756e-16
-8.881784197001252e-15
-1.3145040611561853e-15
8.881784197001252e-15
1.0658141036401502e-15
-1.2434497875801753e-14
-4.618527782440651e-16
3.552713678800501e-15
6.394884621840901e-16
-1.0658141036401503e-14
-2.3625545964023332e-15
2.842170943040401e-14
1.2079226507921704e-15
1.0658141036401503e-14
-1.1546319456101628e-15
-3.907985046680551e-14
8.171241461241152e-16
1.0658141036401503e-14
1.0658141036401502e-15
-1.4210854715202004e-14
-6.039613253960852e-16
1.7763568394002505e-14
2.5579538487363606e-15
1.0658141036401503e-14
-6.750155989720952e-16
2.1316282072803006e-14
-2.3447910280083307e-15
-2.842170943040401e-14
1.723066134218243e-15
1.7763568394002505e-14
5.151434834260726e-16
-1.7763568394002505e-14
-1.438849039914203e-15
7.105427357601002e-15
-2.0250467969162854e-15
7.105427357601002e-15
1.0658141036401502e-16
-3.552713678800501e-15
3.3217872896784686e-15
0.0
-3.0198066269804257e-15
-1.0658141036401503e-14
3.1441516057384434e-15
0.0
1.2079226507921704e-15
0.0
-2.540190280342358e-15
-3.552713678800501e-15
-3.3823582512582105e-09
-8.881784197001252e-16
2.3683597305534932e-11
4.440892098500626e-16
5.329070518200751e-17
0.0
-4.222755478622275e-12
0.0
0.0
4.440892098500626e-16
-3.552713678800501e-16
-8.881784197001252e-16
4.263256414560601e-16
-8.881784197001252e-16
-7.105427357601002e-17
-4.440892098500626e-16
2.1316282072803005e-16
2.220446049250313e-15
-1.4210854715202004e-16
-1.3322676295501878e-15
-1.4210854715202004e-16
1.7763568394002505e-15
-4.973799150320702e-16
-1.7763568394002505e-15
7.105427357601002e-16
0.0
3.552713678800501e-16
1.7763568394002505e-15
-6.394884621840901e-16
-5.329070518200751e-15
1.0658141036401502e-15
3.552713678800501e-15
-7.815970093361102e-16
-3.552713678800501e-15
-5.684341886080802e-16
4.440892098500626e-15
8.526512829121202e-16
3.552713678800501e-15
-2.1316282072803005e-16
8.881784197001252e-16
0.0
-1.7763568394002505e-15
-7.105427357601002e-17
-7.105427357601002e-15
-7.105427357601002e-17
-1.7763568394002505e-15
7.105427357601002e-17
5.329070518200751e-15
2.842170943040401e-16
5.329070518200751e-15
-7.105427357601002e-17
0.0
1.1368683772161603e-15
-1.5987211554602254e-14
-2.842170943040401e-16
1.7763568394002505e-14
-1.3500311979441904e-15
-5.329070518200751e-15
1.5631940186722204e-15
-1.7763568394002505e-14
-1.0658141036401502e-15
-3.552713678800501e-15
-4.973799150320702e-16
1.9539925233402755e-14
-3.552713678800501e-16
-3.552713678800501e-15
4.263256414560601e-16
-7.105427357601002e-15
1.6342482922482305e-15
-1.4210854715202004e-14
-2.3447910280083307e-15
1.5987211554602254e-14
9.237055564881303e-16
8.881784197001252e-15
1.1368683772161603e-15
3.552713678800501e-14
-6.394884621840901e-16
-7.815970093361102e-14
-1.3145040611561853e-15
4.440892098500626e-14
-1.4210854715202004e-16
2.1316282072803006e-14
1.4921397450962103e-15
-2.842170943040401e-14
-2.842170943040401e-16
0.0
-1.7763568394002506e-16
5.329070518200751e-15
5.684341886080802e-16
3.907985046680551e-14
1.0302869668521452e-15
-3.552713678800501e-14
-1.1368683772161603e-15
8.881784197001252e-15
-6.039613253960852e-16
-2.842170943040401e-14
1.4921397450962103e-15
-1.2434497875801753e-14
-1.8829382497642656e-15
1.7763568394002505e-15
-3.552713678800501e-16
-1.0658141036401503e-14
1.5631940186722204e-15
4.796163466380676e-14
-1.2079226507921704e-15
-8.881784197001252e-15
2.842170943040401e-16
-8.881784197001252e-15
-3.552713678800501e-16
-1.4210854715202004e-14
2.1316282072803005e-16
2.6645352591003757e-14
1.7408297026122454e-15
-4.618527782440651e-14
1.7763568394002506e-16
7.283063041541027e-14
-2.5934809855243656e-15
-6.394884621840902e-14
4.973799150320702e-16
2.4868995751603507e-14
2.486899575160351e-16
-3.375077994860476e-14
9.947598300641404e-16
2.4868995751603507e-14
-7.460698725481052e-16
8.526512829121202e-14
-1.5987211554602254e-16
-8.171241461241152e-14
5.329070518200751e-17
-3.552713678800501e-14
8.881784197001252e-16
3.375077994860476e-14
2.6645352591003756e-16
5.1514348342607263e-14
-1.1368683772161603e-15
-3.730349362740526e-14
1.4210854715202004e-16
4.618527782440651e-14
1.4210854715202004e-16
-8.526512829121202e-14
1.2789769243681803e-15
-1.7763568394002505e-15
-6.394884621840901e-16
5.5067062021407764e-14
-1.3145040611561853e-15
-1.4210854715202004e-14
-8.171241461241152e-16
3.375077994860476e-14
7.815970093361102e-16
1.0658141036401503e-14
8.171241461241152e-16
2.3092638912203256e-14
-2.842170943040401e-16
-1.2434497875801753e-14
7.815970093361102e-16
-7.638334409421077e-14
-6.394884621840901e-16
3.730349362740526e-14
-1.4210854715202004e-16
-9.237055564881302e-14
-4.263256414560601e-16
6.394884621840902e-14
3.907985046680551e-16
3.375077994860476e-14
1.4210854715202004e-16
-1.9539925233402755e-14
-4.973799150320702e-16
6.572520305780927e-14
6.750155989720952e-16
3.730349362740526e-14
6.750155989720952e-16
-3.197442310920451e-14
-8.526512829121202e-16
-4.440892098500626e-15
6.039613253960852e-16
-7.993605777301127e-14
-1.1723955140041654e-15
-1.3322676295501878e-14
1.3145040611561853e-15
1.1812772982011666e-13
-2.1316282072803005e-16
-3.730349362740526e-14
0.0
1.509903313490213e-14
-4.973799150320702e-16
4.618527782440651e-14
-5.684341886080802e-16
-9.50350909079134e-14
6.394884621840901e-16
6.972200594645983e-14
-3.552713678800501e-16
3.419486915845482e-14
6.394884621840901e-16
-5.062616992290714e-14
-3.552713678800501e-16
5.1514348342607263e-14
3.552713678800501e-16
-2.220446049250313e-15
0.0
-1.8052226380405045e-13
0.0
5.234701561107613e-14
-1.4210854715202004e-16
0.0
0.0
-5.459521723594207e-14
4.440892098500626e-18
1.785516179353408e-13
-4.440892098500626e-18
-6.997180612700049e-14
8.881784197001253e-18
-7.299716386910404e-14
6.661338147750939e-18
-1.213473765915296e-13
-3.3306690738754695e-17
2.724487302430134e-13
2.886579864025407e-17
-2.219335826225688e-13
-1.7763568394002505e-17
2.453592884421596e-14
-4.440892098500626e-18
3.6193270602780103e-14
4.4408920985006264e-17
7.66053886991358e-14
7.105427357601002e-17
-9.903189379656396e-14
8.881784197001253e-17
1.4788170688007085e-13
-1.0658141036401502e-16
-6.772360450213455e-14
-2.1316282072803005e-16
-9.547918011776346e-14
1.9539925233402755e-16
-7.016609515630989e-14
7.105427357601002e-17
1.723066134218243e-13
-2.753353101070388e-16
-8.659739592076221e-14
3.4638958368304885e-16
8.482103908136196e-14
-5.240252676230739e-16
3.108624468950438e-14
3.9968028886505636e-16
1.9095836023552692e-14
1.0658141036401502e-16
-1.7763568394002505e-14
-4.085620730620576e-16
6.88338275267597e-14
-1.0658141036401502e-16
-2.7977620220553945e-14
2.6645352591003756e-16
-1.127986593019159e-13
3.375077994860476e-16
-4.3076653355456074e-14
-3.375077994860476e-16
5.10702591327572e-14
-2.1316282072803005e-16
-5.329070518200751e-15
7.105427357601002e-17
-1.7763568394002505e-15
2.842170943040401e-16
-8.970602038971265e-14
5.861977570020827e-16
1.9539925233402755e-14
-8.704148513061227e-16
2.842170943040401e-14
8.348877145181177e-16
6.039613253960852e-14
-1.0125233984581427e-15
-4.440892098500626e-15
3.730349362740526e-16
-6.128431095930864e-14
-7.993605777301127e-16
2.2648549702353193e-13
4.973799150320702e-16
-9.769962616701378e-14
3.1974423109204507e-16
-3.019806626980426e-14
3.552713678800501e-16
-9.681144774731365e-14
-7.993605777301127e-16
-6.217248937900877e-15
3.730349362740526e-16
-7.993605777301127e-15
1.2434497875801754e-16
1.127986593019159e-13
5.329070518200751e-16
-9.769962616701378e-15
-7.105427357601002e-16
-1.0302869668521453e-13
-3.552713678800501e-17
6.217248937900877e-14
6.750155989720952e-16
-6.217248937900877e-15
-1.1013412404281553e-15
-3.375077994860476e-14
1.3500311979441904e-15
2.1316282072803006e-14
-2.486899575160351e-16
8.526512829121202e-14
-3.730349362740526e-16
-1.1191048088221578e-13
-1.3322676295501878e-15
6.039613253960852e-14
1.0302869668521452e-15
-4.796163466380676e-14
-1.1013412404281553e-15
4.618527782440651e-14
1.3855583347321954e-15
5.3290705182007514e-14
-1.9539925233402755e-16
-4.440892098500626e-14
-8.171241461241152e-16
1.7763568394002505e-15
2.3092638912203257e-16
-1.9539925233402755e-14
7.815970093361102e-16
-2.1316282072803006e-14
-5.329070518200751e-16
1.9539925233402755e-14
3.1974423109204507e-16
-6.217248937900877e-14
4.263256414560601e-16
8.526512829121202e-14
-4.263256414560601e-16
4.085620730620576e-14
-1.0658141036401502e-15
-6.750155989720952e-14
1.2967404927621828e-15
-3.019806626980426e-14
-1.0658141036401502e-16
2.842170943040401e-14
-8.881784197001253e-17
2.6645352591003757e-14
7.105427357601002e-16
-2.1316282072803006e-14
-1.1723955140041654e-15
-1.5987211554602254e-14
1.7763568394002506e-16
2.6645352591003757e-14
8.881784197001252e-16
-6.217248937900877e-14
-4.440892098500626e-16
1.0480505352461478e-13
3.552713678800501e-17
-1.2434497875801753e-13
2.3092638912203257e-16
3.907985046680551e-14
-6.394884621840901e-16
3.375077994860476e-14
-8.171241461241152e-16
-5.329070518200751e-15
9.592326932761353e-16
4.085620730620576e-14
7.105427357601002e-16
-2.3092638912203256e-14
-1.1901590823981679e-15
-3.375077994860476e-14
4.085620730620576e-16
4.440892098500626e-14
-3.1974423109204507e-16
1.7763568394002505e-15
6.039613253960852e-16
-2.4868995751603507e-14
-6.750155989720952e-16
3.552713678800501e-15
9.237055564881303e-16
1.7763568394002505e-14
2.3092638912203257e-16
-3.907985046680551e-14
-6.927791673660977e-16
-1.4210854715202004e-14
2.4513724383723455e-15
1.0658141036401503e-14
-2.7355895326763858e-15
-1.7763568394002505e-14
-2.6645352591003756e-16
1.0658141036401503e-14
1.5276668818842154e-15
1.4210854715202004e-14
4.263256414560601e-16
1.7763568394002505e-14
-1.9539925233402757e-15
7.105427357601002e-15
-1.1191048088221578e-15
-1.7763568394002505e-14
3.1441516057384434e-15
7.105427357601002e-15
-1.0658141036401502e-15
0.0
-1.7763568394002505e-17
-7.105427357601002e-15
2.6645352591003756e-16
7.105427357601002e-15
3.1974423109204507e-16
0.0
-3.659295089164516e-15
7.105427357601002e-15
3.907985046680551e-16
0.0
5.429450844474104e-10
4.440892098500626e-16
7.90875382961076e-10
-4.440892098500626e-16
-4.796163466380677e-16
0.0
3.81119491521531e-11
0.0
1.4210854715202004e-16
-4.440892098500626e-16
7.105427357601002e-17
0.0
0.0
0.0
1.4210854715202004e-16
8.881784197001252e-16
-2.1316282072803005e-16
-8.881784197001252e-16
7.105427357601002e-17
4.440892098500626e-16
1.4210854715202004e-16
4.440892098500626e-16
-4.263256414560601e-16
-8.881784197001252e-16
-1.4210854715202004e-16
5.329070518200751e-15
1.4210854715202004e-16
-7.993605777301127e-15
-4.263256414560601e-16
0.0
9.237055564881303e-16
3.552713678800501e-15
-6.394884621840901e-16
-1.7763568394002505e-15
0.0
7.993605777301127e-15
7.105427357601002e-16
-5.329070518200751e-15
4.263256414560601e-16
0.0
-3.552713678800501e-16
-8.881784197001252e-16
-4.973799150320702e-16
2.6645352591003757e-15
-3.552713678800501e-16
0.0
5.684341886080802e-16
2.6645352591003757e-15
4.263256414560601e-16
-1.0658141036401503e-14
-7.105427357601002e-16
-3.552713678800501e-15
6.394884621840901e-16
9.769962616701378e-15
4.973799150320702e-16
-5.329070518200751e-15
-7.105427357601002e-17
-3.552713678800501e-15
-1.2789769243681803e-15
1.4210854715202004e-14
4.263256414560601e-16
-1.0658141036401503e-14
3.552713678800501e-16
-1.7763568394002505e-15
-4.618527782440651e-16
-3.552713678800501e-15
-6.394884621840901e-16
8.881784197001252e-15
3.552713678800501e-16
-3.552713678800501e-15
-7.105427357601002e-17
3.907985046680551e-14
1.4566126083082053e-15
-3.375077994860476e-14
-3.1974423109204507e-16
-2.1316282072803006e-14
-7.815970093361102e-16
1.2434497875801753e-14
-1.0658141036401502e-16
1.9539925233402755e-14
-1.7763568394002506e-16
-1.2434497875801753e-14
1.4566126083082053e-15
-3.019806626980426e-14
-1.5276668818842154e-15
2.6645352591003757e-14
1.8829382497642656e-15
1.5987211554602254e-14
-4.973799150320702e-16
-1.9539925233402755e-14
-1.3500311979441904e-15
0.0
1.3855583347321954e-15
2.4868995751603507e-14
4.618527782440651e-16
-1.5987211554602254e-14
-1.3855583347321954e-15
-7.105427357601002e-15
-3.907985046680551e-16
7.105427357601002e-15
-3.1974423109204507e-16
7.105427357601002e-15
1.4210854715202005e-15
-3.197442310920451e-14
-7.815970093361102e-16
-1.7763568394002505e-15
3.552713678800501e-16
9.237055564881302e-14
-1.7053025658242404e-15
-2.6645352591003757e-14
1.7053025658242404e-15
-3.907985046680551e-14
8.171241461241152e-16
2.1316282072803006e-14
-9.592326932761353e-16
1.7763568394002505e-15
1.0658141036401502e-16
-4.085620730620576e-14
7.105427357601002e-17
3.907985046680551e-14
2.486899575160351e-16
-6.039613253960852e-14
-5.506706202140776e-16
-2.6645352591003757e-14
-5.684341886080802e-16
8.526512829121202e-14
1.1368683772161603e-15
-3.552713678800501e-14
-6.039613253960852e-16
-5.329070518200751e-15
6.572520305780927e-16
2.3092638912203256e-14
-1.0302869668521452e-15
-7.105427357601002e-15
2.842170943040401e-16
-3.552713678800501e-15
3.019806626980426e-16
-3.907985046680551e-14
-8.881784197001252e-16
8.881784197001252e-14
1.9895196601282807e-15
-6.572520305780927e-14
-1.5987211554602255e-15
4.085620730620576e-14
9.592326932761353e-16
1.7763568394002505e-14
-7.105427357601002e-17
-3.552713678800501e-15
-8.171241461241152e-16
-7.283063041541027e-14
-8.526512829121202e-16
8.881784197001252e-15
1.0658141036401502e-16
8.881784197001252e-15
1.2434497875801752e-15
-5.329070518200751e-15
0.0
-2.3092638912203256e-14
-4.973799150320702e-16
5.5067062021407764e-14
8.171241461241152e-16
-1.5987211554602254e-14
7.105427357601002e-16
-3.375077994860476e-14
-1.3500311979441904e-15
4.440892098500626e-14
7.105427357601002e-16
-5.595524044110789e-14
-3.1974423109204507e-16
6.750155989720952e-14
-1.7763568394002506e-16
-3.552713678800501e-15
2.1316282072803005e-16
-4.440892098500626e-14
-3.552713678800501e-17
4.618527782440651e-14
-1.0302869668521452e-15
4.884981308350689e-14
4.263256414560601e-16
-6.039613253960852e-14
3.907985046680551e-16
2.1316282072803006e-14
-2.842170943040401e-16
-4.707345624410664e-14
4.263256414560601e-16
1.9095836023552692e-14
-2.1316282072803005e-16
-6.616929226765933e-14
2.486899575160351e-16
7.149836278586008e-14
-3.552713678800501e-17
2.842170943040401e-14
-3.1974423109204507e-16
-5.950795411990839e-14
2.842170943040401e-16
-5.062616992290714e-14
-2.1316282072803005e-16
1.4432899320127035e-14
1.4210854715202004e-16
8.704148513061227e-14
0.0
-2.1316282072803006e-14
-7.105427357601002e-17
0.0
0.0
6.467049118441537e-14
0.0
-6.039613253960852e-14
-7.105427357601002e-17
-1.587618925213974e-14
-3.552713678800501e-17
-1.9984014443252818e-14
3.552713678800501e-17
-3.530509218307998e-14
1.4210854715202004e-16
1.056932319443149e-13
-1.7763568394002506e-16
3.952393967665557e-14
3.552713678800501e-17
-1.6431300764452317e-14
1.7763568394002506e-16
-2.1760371282653068e-14
-4.263256414560601e-16
-5.46229728115577e-14
2.842170943040401e-16
-2.6645352591003757e-14
2.1316282072803005e-16
2.4424906541753444e-14
-5.684341886080802e-16
5.3290705182007514e-14
4.618527782440651e-16
-6.039613253960852e-14
-7.105427357601002e-17
5.773159728050814e-14
2.486899575160351e-16
-3.907985046680551e-14
0.0
2.6645352591003757e-14
-7.815970093361102e-16
-4.263256414560601e-14
3.907985046680551e-16
1.1546319456101628e-14
-2.1316282072803005e-16
-6.217248937900877e-15
-3.907985046680551e-16
-2.930988785010413e-14
7.105427357601002e-16
3.019806626980426e-14
-7.105427357601002e-17
4.440892098500626e-14
-3.1974423109204507e-16
-9.325873406851315e-14
-4.973799150320702e-16
4.085620730620576e-14
8.171241461241152e-16
1.9539925233402755e-14
0.0
3.730349362740526e-14
7.815970093361102e-16
-4.618527782440651e-14
-1.5987211554602255e-15
-5.684341886080802e-14
1.4210854715202005e-15
6.394884621840902e-14
-6.750155989720952e-16
3.552713678800501e-14
0.0
3.019806626980426e-14
-2.1316282072803005e-16
-2.4868995751603507e-14
1.5631940186722204e-15
2.842170943040401e-14
-1.3500311979441904e-15
-9.237055564881302e-14
-1.3855583347321954e-15
2.6645352591003757e-14
2.4868995751603505e-15
-4.973799150320701e-14
-8.171241461241152e-16
6.394884621840902e-14
2.842170943040401e-16
-4.085620730620576e-14
-2.842170943040401e-16
7.460698725481052e-14
-7.460698725481052e-16
-7.993605777301127e-14
-2.486899575160351e-16
5.861977570020827e-14
6.039613253960852e-16
-3.019806626980426e-14
-3.907985046680551e-16
-1.2434497875801753e-14
1.7763568394002506e-16
4.085620730620576e-14
-2.1316282072803005e-16
-1.7763568394002505e-15
2.1316282072803005e-16
-1.5987211554602254e-14
1.8118839761882555e-15
4.263256414560601e-14
-2.3092638912203257e-15
-1.0480505352461478e-13
5.506706202140776e-16
1.4210854715202004e-14
8.348877145181177e-16
4.085620730620576e-14
5.506706202140776e-16
5.329070518200751e-15
8.881784197001253e-17
-3.552713678800501e-15
-1.652011860642233e-15
1.7763568394002505e-14
1.1013412404281553e-15
-5.684341886080802e-14
1.4210854715202004e-16
-7.105427357601002e-15
-7.460698725481052e-16
7.105427357601002e-14
6.217248937900876e-16
-2.842170943040401e-14
7.815970093361102e-16
1.0658141036401503e-14
3.552713678800501e-16
-3.907985046680551e-14
-3.0375701953744282e-15
-1.7763568394002505e-14
1.0302869668521452e-15
6.750155989720952e-14
-2.771116669464391e-15
0.0
-1.9539925233402755e-16
-2.4868995751603507e-14
1.900701818158268e-15
1.4210854715202004e-14
3.2152058793144534e-15
-7.105427357601002e-15
-1.900701818158268e-15
-2.4868995751603507e-14
2.3447910280083307e-15
2.842170943040401e-14
-1.3855583347321954e-15
-1.4210854715202004e-14
-1.1901590823981679e-15
3.552713678800501e-15
-2.611244553918368e-15
3.552713678800501e-15
-3.1974423109204507e-16
-3.552713678800501e-15
2.6645352591003757e-15
3.552713678800501e-15
3.8191672047105384e-16
0.0
4.0108402442839975e-07
-2.220446049250313e-16
2.656420684843397e-07
2.220446049250313e-16
1.3288301897063093e-07
-2.220446049250313e-16
7.257227707668789e-11
2.220446049250313e-16
-3.552713678800501e-16
4.440892098500626e-16
3.552713678800501e-16
-8.881784197001252e-16
-3.552713678800501e-17
-4.440892098500626e-16
-7.105427357601002e-17
8.881784197001252e-16
-1.4210854715202004e-16
4.440892098500626e-16
-1.7763568394002506e-16
2.6645352591003757e-15
-2.486899575160351e-16
-3.1086244689504383e-15
6.039613253960852e-16
2.220446049250313e-16
-7.815970093361102e-16
0.0
6.039613253960852e-16
-4.440892098500626e-16
-5.684341886080802e-16
1.8318679906315083e-15
-4.263256414560601e-16
1.0408340855860843e-16
1.2789769243681803e-15
-6.661338147750939e-16
-3.552713678800501e-16
1.1102230246251565e-15
-1.2079226507921704e-15
-8.881784197001252e-16
2.4868995751603505e-15
8.881784197001252e-16
2.1316282072803005e-16
0.0
2.1316282072803005e-16
-3.1086244689504383e-15
0.0
3.1086244689504383e-15
-1.7763568394002505e-15
-8.881784197001252e-16
-7.105427357601002e-16
0.0
3.6948947013115683e-10
-2.220446049250313e-16
-2.0605739337042904e-15
-7.771561172376096e-16
6.425121767961173e-11
-3.3306690738754696e-16
1.024432094709482e-11
-2.220446049250313e-16
7.105427357601002e-17
2.220446049250313e-16
7.105427357601002e-17
-8.881784197001252e-16
1.4210854715202004e-16
2.220446049250313e-15
-2.1316282072803005e-16
0.0
1.4210854715202004e-16
-8.881784197001252e-16
1.4210854715202004e-16
-1.3322676295501878e-15
2.1316282072803005e-16
3.552713678800501e-15
1.4210854715202004e-16
-4.440892098500626e-16
0.0
-2.6645352591003757e-15
2.842170943040401e-16
8.881784197001252e-16
0.0
0.0
-7.105427357601002e-16
-1.7763568394002505e-15
-4.973799150320702e-16
-1.7763568394002505e-15
2.1316282072803005e-16
0.0
4.263256414560601e-16
9.769962616701378e-15
-5.684341886080802e-16
-6.217248937900877e-15
3.552713678800501e-16
0.0
0.0
7.105427357601002e-15
3.552713678800501e-16
-9.769962616701378e-15
-1.4210854715202004e-16
-1.0658141036401503e-14
-2.842170943040401e-16
2.042810365310288e-14
7.105427357601002e-17
-1.9539925233402755e-14
-3.552713678800501e-16
8.881784197001252e-15
-1.1368683772161603e-15
-1.2434497875801753e-14
1.0658141036401502e-15
1.0658141036401503e-14
-4.263256414560601e-16
1.7763568394002505e-14
6.394884621840901e-16
-1.5987211554602254e-14
2.842170943040401e-16
-7.105427357601002e-15
4.263256414560601e-16
-8.881784197001252e-15
-4.263256414560601e-16
1.0658141036401503e-14
-1.0658141036401502e-15
-7.105427357601002e-15
4.263256414560601e-16
3.552713678800501e-14
7.105427357601002e-16
-2.6645352591003757e-14
4.973799150320702e-16
1.9539925233402755e-14
-1.0658141036401502e-15
-5.1514348342607263e-14
-5.684341886080802e-16
2.6645352591003757e-14
1.8474111129762605e-15
1.7763568394002505e-15
-1.0658141036401502e-15
-7.105427357601002e-15
1.3500311979441904e-15
8.881784197001252e-15
-2.486899575160351e-16
-3.375077994860476e-14
-2.842170943040401e-16
3.375077994860476e-14
6.394884621840901e-16
5.329070518200751e-15
-1.4566126083082053e-15
-1.7763568394002505e-14
1.4210854715202004e-16
-8.881784197001252e-15
4.263256414560601e-16
1.0658141036401503e-14
-4.973799150320702e-16
-1.5987211554602254e-14
-8.171241461241152e-16
5.861977570020827e-14
-1.7763568394002506e-16
-3.375077994860476e-14
8.526512829121202e-16
1.2434497875801753e-14
2.842170943040401e-16
-6.039613253960852e-14
-1.3500311979441904e-15
5.1514348342607263e-14
9.592326932761353e-16
-6.394884621840902e-14
-8.171241461241152e-16
4.085620730620576e-14
1.3145040611561853e-15
2.6645352591003757e-14
2.1316282072803005e-16
-4.973799150320701e-14
-1.7763568394002506e-16
4.085620730620576e-14
-1.0658141036401502e-15
-1.5987211554602254e-14
-4.085620730620576e-16
3.552713678800501e-14
1.1546319456101628e-15
-1.9539925233402755e-14
5.861977570020827e-16
-7.105427357601002e-15
-1.3411494137471891e-15
1.9539925233402755e-14
-3.552713678800501e-17
0.0
2.3092638912203257e-16
-5.329070518200751e-15
-9.947598300641404e-16
-7.105427357601002e-15
4.263256414560601e-16
-3.019806626980426e-14
-3.552713678800501e-16
-1.4210854715202004e-14
6.394884621840901e-16
3.197442310920451e-14
1.1368683772161603e-15
3.552713678800501e-15
0.0
3.730349362740526e-14
6.394884621840901e-16
2.4868995751603507e-14
-1.5987211554602255e-15
-7.638334409421077e-14
-3.1974423109204507e-16
-3.552713678800501e-15
-1.7763568394002506e-16
4.973799150320701e-14
8.881784197001252e-16
1.7763568394002505e-14
1.2079226507921704e-15
-3.375077994860476e-14
-1.1013412404281553e-15
-4.440892098500626e-14
-5.329070518200751e-16
5.684341886080802e-14
7.460698725481052e-16
-6.927791673660977e-14
2.1316282072803005e-16
0.0
9.947598300641404e-16
1.3500311979441904e-13
-1.5987211554602255e-15
-1.509903313490213e-14
3.907985046680551e-16
-1.971756091734278e-13
5.684341886080802e-16
1.7319479184152442e-13
-2.842170943040401e-16
5.861977570020827e-14
2.1316282072803005e-16
-8.881784197001252e-16
-1.0658141036401502e-15
1.9539925233402755e-14
1.4210854715202004e-16
-1.3855583347321954e-13
8.526512829121202e-16
3.197442310920451e-14
7.105427357601002e-17
1.1546319456101628e-14
-3.552713678800501e-16
-3.952393967665557e-14
7.105427357601002e-17
-7.949196856316121e-14
-5.684341886080802e-16
-6.88338275267597e-14
2.842170943040401e-16
2.7622348852673895e-13
2.842170943040401e-16
-2.291500322826323e-13
0.0
1.270095140171179e-13
0.0
-5.9396931817445875e-15
-7.105427357601002e-17
0.0
0.0
