0.0691344635905651
-10.000382221152726
-9.90864293952733
-9.868449271600626
-9.845711683016894
-9.831729021054212
-9.823001205834146
-9.817778250355307
-9.815061457154435
-9.814226338478877
-9.814855036716287
-9.816653729719052
-9.819408506723708
-9.822959624731386
-9.82718511419597
-9.83198966160862
-9.837296916721721
-9.84304431676341
-9.84917973399558
-9.85565924403242
-9.862445442530822
-9.869505938491198
-9.876812015927692
-9.884337879564125
-9.89206062617333
-9.899960539180665
-9.908021101884769
-9.91622856508471
-9.92457110952358
-9.933037728546369
-9.941617557124404
-9.950300205899747
-9.959076385366846
-9.967937976774165
-9.976877676499074
-9.9858887027872
-9.99496475218644
-10.004100046789999
-10.013289319278279
-10.02252782240005
-10.031811403965392
-10.041136506136871
-10.05050004655144
-10.059899265779338
-10.069331610645017
-10.078794672881612
-10.088286177839672
-10.097804008135087
-10.107346244341358
-10.116911207421921
-10.1264974922519
-10.136103988175588
-10.145729887025253
-10.155374681083568
-10.165038153261495
-10.174720360246173
-10.184421607536537
-10.194142414863473
-10.203883471855168
-10.21364558652716
-10.223429632968754
-10.233236507829856
-10.243067107797497
-10.25292234119245
-10.262803188262994
-10.272710827102287
-10.28264684065856
-10.292613497838314
-10.302614052262808
-10.3126529701936
-10.322735958908238
-10.332869543440829
-10.343060351823063
-10.353314916470195
-10.363640133804664
-10.374043798858494
-10.384534940372323
-10.395124049361549
-10.405823325322055
-10.416646999793901
-10.427611764086837
-10.438737327330893
-10.450047145671837
-10.461569387291696
-10.473338231979966
-10.485395656226315
-10.497793939956097
-10.510599275481855
-10.52389711660195
-10.537800383947932
-10.552462582654139
-10.56809985809745
-10.585030491456488
-10.603751599156974
-10.62510521076438
-10.650698389317922
-10.684263208002653
-10.738837708147855
-13.581980950285505
-15.239838543796024
-10.751692824954588
38.766533741178016
41.34488964056144
41.107778166781195
40.87730290485981
40.647023700413044
40.411907001164636
40.172112360250495
39.929201277185484
39.68440860588245
39.4376867355834
39.188049962831464
38.93436878254707
38.675891363244105
38.4123271495749
38.143683160121924
37.87008581637319
37.59168096773371
37.3085997443488
37.02095310548873
36.728830086312406
36.43229082284367
36.13135496042534
35.825989370539936
35.51609868248407
35.20152001383121
34.8820214363782
34.55730317375277
34.22700082874416
33.89069034832111
33.547894529616094
33.19809059338144
32.84071780694431
32.47518352354929
32.10086553230528
31.717108552416473
31.323213426256277
30.91841935118567
30.50188213930888
30.072654012573707
29.629671322631097
29.171754936368483
28.697624901190597
28.20592946385785
27.695291095930997
27.16437577374679
26.61198292715037
26.0371118306521
25.43888067759329
24.816105611472928
24.166403932929562
23.48497218753072
22.763619239456304
21.990801454394184
21.15279198260139
20.23476354167649
19.219625019577105
18.08307802028781
16.78420228449019
15.24778801236647
13.318073148100943
10.563867697475171
1.5800811802289578
-10.588999126621982
-13.331820252732054
-15.258442266828855
-16.794499319473374
-18.093824766691696
-19.229690811700394
-20.241727254199787
-21.1546864351035
-21.98769265165685
-22.75782812887373
-23.47991848650949
-24.165077401983343
-24.820132090978984
-25.4484272219067
-26.05131527035698
-26.62949006046856
-27.183757843226648
-27.715283900339156
-28.225541622472004
-28.716167859108566
-29.188830384857756
-29.64513400651865
-30.086560856105184
-30.514438986215197
-30.92993587050078
-31.334072556507135
-31.72775142981081
-32.11178825413727
-32.48693937074171
-32.85391765565527
-33.2133944012186
-33.56598718438454
-33.91223514624424
-34.25256293349618
-34.58723403645513
-34.91629692018044
-35.23954013450047
-35.556500371049154
7.024623167700324
6.693664807945024
6.26900372563083
5.7016509218396445
4.9847026499031255
4.2325740746264335
3.5224266706361043
2.4449521742234017
0.346938381011631
-2.0408074239168545
-3.538043839913264
-4.3942410495082385
-5.014221501370637
-5.543284058975576
-6.011201680265781
-6.423456884536561
-6.786266136933829
-7.108054579894658
-7.397169346648751
-7.660575856834543
-7.903598236948131
-8.130132398649998
-8.342979781978878
-8.54416114501257
-8.735171084875812
-8.917166819694584
-9.091094125871935
-9.257761713253396
-9.417882217006017
-9.572097070875053
-9.720989214051151
-9.8650712212443
-10.004761964517122
-10.140396507561919
-10.272267956912208
-10.40065718837053
-10.52583234870806
-10.64803564627858
-10.767474854224488
-10.884323209074047
-10.998724696566839
-11.110801164046055
-11.220658922605073
-11.328393755210303
-11.43409415085895
-11.537843102550028
-11.63971899130297
-11.73979603044936
-11.838144585383267
-11.934831512927557
-12.029920540035487
-12.12347264163494
-12.21554637017686
-12.306198113538812
-12.39548228632831
-12.483451476347364
-12.570156552167784
-12.655646667016459
-12.739968937454426
-12.823167381093993
-12.905280908076506
-12.986341711514035
-13.066377228503704
-13.145415640105572
-13.223489054508416
-13.300631909552664
-13.376878342637662
-13.452261021545764
-13.526811089293899
-13.600558444991476
-13.673532020986862
-13.745759991600892
-13.81726993167992
-13.88808895116897
-13.958243824762445
-14.02776112895527
-14.096667395314597
-14.164989288012357
-14.232753815052135
-14.299988585327496
-14.366722128746778
-14.432984303657467
-14.498806827103136
-14.564223980369347
-14.629273569427422
-14.693998264269851
-14.758447515670928
-14.822680378776337
-14.886769811608755
-14.950809474612228
-15.014924990861278
-15.07929367272624
-15.1441816398221
-15.210020596188846
-15.277589301176963
-15.3485408206386
-15.427627218591367
-15.54635213509584
-15.640058124940706
-8.891047024242033
40.055091817314164
42.65318325756242
42.389436858524014
42.11759510564554
41.87432726598519
41.63575605232814
41.394052911244046
41.146974858398025
40.894043795533875
40.63624973009648
40.375006075587166
40.11106667980823
39.84423124783204
39.57372892145375
39.29874570123997
39.01870732826489
38.73330255520638
38.442400459083096
38.145971384912976
37.844040350228326
37.536663057524066
37.22390997862188
36.90585038795083
36.58253399154774
36.25397132870464
35.92011522821613
35.5808446484487
35.23595136632932
34.88513010849473
34.52797324772293
34.16397134583494
33.79252018883318
33.4129335819027
33.02445953406497
32.62629602895264
32.217601625570566
31.797496077362926
31.36504780030707
30.919249072830716
30.45898580537394
29.983013929043086
29.48995502121224
28.978317912387467
28.44654434854045
27.89307279684094
27.316417116965102
26.715249419530462
26.088422446113228
25.43474704946217
24.75223569585845
24.036656302061825
23.279803066685268
22.468617890611576
21.58621703093982
20.614060826115974
19.531942030881538
18.312238691217992
16.906960841107022
15.22295275837
13.053384645678955
9.728904139155096
-7.254923627090503
-11.89160272535343
-14.39342329623078
-16.241036082521273
-17.74695303337844
-19.03551346331083
-20.167109895341248
-21.17624986756553
-22.08842308116413
-22.9261968494547
-23.708621395542718
-24.449031185668375
-25.154796830805562
-25.82914900885742
-26.473478639273274
-27.088906600158907
-27.676907177982223
-28.23933772252516
-28.77826322865625
-29.295781103930924
-29.793899130514266
-30.274459389154984
-30.7390987574816
-31.18924467472638
-31.626141473631964
-32.05089460950329
-32.46451656075259
-32.8679605319114
-33.26213409025764
-33.647891491515495
-34.026008281996596
-34.39714358490039
-34.761793484538586
-35.12023447016377
-35.4724556322938
-35.81809703934868
-36.15646315047247
-36.4867360602974
-36.80846421228395
5.074188587949685
4.382281097696508
3.7775122941506725
3.138954374469776
2.052236887404764
0.2404419089649762
-1.7328033349769973
-3.1329662334062016
-3.9904333009156745
-4.574893088695488
-5.046061826729263
-5.465453991603861
-5.850182807647079
-6.20345405113962
-6.526463966121843
-6.821382864044818
-7.091288897688862
-7.339536652384231
-7.5692936589289985
-7.783325315310632
-7.983946187157588
-8.173053721274979
-8.35219145745084
-8.52261578969807
-8.685356829382613
-8.841270566230438
-8.991080401289024
-9.135407044085376
-9.27478874650429
-9.40969577727252
-9.540542210273252
-9.66769555521381
-9.791480261668939
-9.91217354714645
-10.030005782796167
-10.145173027636474
-10.257850874060479
-10.368200444079275
-10.476368302801127
-10.582485012080127
-10.686664786822805
-10.789006617509738
-10.889596382412627
-10.988509337211923
-11.085812490940102
-11.181566569645492
-11.275827459689523
-11.368647170640909
-11.46007444169322
-11.55015513767104
-11.638932555535508
-11.726447716154876
-11.812739669107613
-11.89784580559323
-11.981802160455175
-12.0646436862906
-12.14640449298676
-12.227118052608933
-12.306817353342172
-12.385534913368721
-12.46330240246344
-12.54014947059703
-12.616101854463052
-12.69118059478264
-12.765404704223993
-12.838795053556687
-12.911374979449315
-12.983168474464318
-13.054198924063105
-13.124488866013596
-13.194060150121986
-13.262934148359802
-13.331131936291264
-13.398674449817648
-13.465582634183061
-13.531877600689459
-13.597580804119495
-13.66271425369095
-13.727300771395274
-13.791364315016596
-13.854930388521812
-13.918026572010257
-13.980683217592038
-14.042934380052476
-14.104819086538535
-14.16638310760094
-14.22768148905498
-14.288782274108376
-14.349772154238464
-14.4107653791111
-14.47191845700514
-14.533455796978537
-14.595717695352077
-14.659258822147512
-14.725078024878952
-14.795270878248978
-14.875712428080101
-14.236491607892923
-15.67366960831756
-10.943247764132702
39.956280304369606
42.447022047384834
42.186179183387026
41.92221893109726
41.68151689428115
41.44348705508588
41.20161312049039
40.954315782935595
40.70179072487232
40.445280986302436
40.185924395441646
39.92397771524998
39.65885470319674
39.38965651018791
39.115640190432266
38.836373368156266
38.55167507662571
38.26150992957587
37.96591420327429
37.66495895514746
37.35873224595262
37.04732568648086
36.73081887072705
36.40926108684299
36.08265257735921
35.75092777291968
35.41394161054687
35.071459239331475
34.72314954185492
34.36858327754618
34.00723662696183
33.638500205943686
33.261692356591496
32.8760741184012
32.48086208197588
32.07523455522603
31.65832660792653
31.22921141519645
30.786869490659456
30.3301532111774
29.85775891798775
29.368219537995582
28.859926215978405
28.331181766369905
27.780287623290228
27.20566705116611
26.60600899488767
25.980343586808768
25.32782870235052
24.64694258359733
23.93396295852289
23.181205159171586
22.37616191287562
21.502505704091227
20.542127554951904
19.475054165386204
18.273965266553873
16.89192921146275
15.239079035618955
13.119379035231223
9.92019591600267
-6.747396171220298
-11.668092043928164
-14.212653359271474
-16.075461561150338
-17.587054904792428
-18.876951736938363
-20.008017793044115
-21.015759037434677
-21.92564927126459
-22.760056528284743
-23.538356680609404
-24.2747240960297
-24.977365879573696
-25.64990937473118
-26.29363428581455
-26.909245093731208
-27.497743836771118
-28.06061580142769
-28.599700696398997
-29.116999457966912
-29.6145140063113
-30.09413459485928
-30.5575703019298
-31.006321571333906
-31.441690938579857
-31.864820029480903
-32.276736002397016
-32.678391535524135
-33.07068777675229
-33.4544764832055
-33.83054308397583
-34.19957518678086
-34.562120397665915
-34.918533935312084
-35.268914775166465
-35.61303994154317
-35.9503446138826
-36.28005154334023
-36.60155033311026
3.2725586530933355
3.02147967313334
2.516118427540963
1.5366265286803618
0.0860071614777973
-1.4815745460483634
-2.7656319698164453
-3.6732314815493496
-4.307671849630277
-4.782761340331154
-5.171067582937358
-5.511059979234156
-5.821177138237732
-6.109640037653993
-6.380022982594043
-6.634068740250476
-6.872949931307394
-7.097744000872547
-7.309555907239386
-7.509509133540499
-7.698704078481528
-7.878180903294871
-8.048895930943532
-8.211710277947049
-8.367387800196697
-8.516600314582737
-8.659937719428736
-8.797919706237007
-8.93100634043197
-9.059606904828364
-9.184088033142263
-9.304782311346015
-9.421995378844734
-9.536005242068315
-9.647055596294456
-9.755354940632781
-9.861083999522851
-9.964404710435874
-10.065466164518218
-10.164407097114859
-10.261356255210446
-10.356431939630259
-10.449741524129871
-10.541381344151299
-10.631437085458286
-10.719984634691874
-10.80709125375646
-10.892816897323572
-10.977215500107471
-11.060336106618875
-11.142223779523102
-11.222920286025744
-11.302464607013233
-11.38089333567489
-11.458241031203764
-11.534540577934997
-11.609823581305461
-11.684120817267623
-11.757462740230293
-11.829880019450819
-11.901403950128742
-11.97206628829065
-12.04189774241618
-12.110924976595756
-12.17916852749259
-12.24664507940079
-12.313372170886849
-12.379370025676437
-12.44466036337363
-12.509265037346909
-12.573205502023303
-12.636502787665547
-12.699177636779702
-12.761250664584532
-12.82274251361518
-12.883674006309162
-12.944066307386452
-13.003941107894773
-13.063320843216273
-13.122228958589615
-13.180690239347124
-13.238731228427461
-13.296380763375646
-13.353670678786317
-13.410636741695498
-13.46731992175741
-13.52376815254367
-13.580038831718337
-13.636202464856094
-13.692348138682283
-13.74859203673347
-13.805091253579501
-13.86206736501869
-13.919849242277907
-13.978957301768837
-14.04028802886524
-14.105585878125494
-14.179018070570914
-14.256022553916257
-8.870899273107275
36.366833597445925
39.18598611078466
38.9765720075705
38.760933737203025
38.542637220204895
38.32339935508275
38.10272937028136
37.87855013629905
37.64891875883052
37.41327246442848
37.17217613557212
36.92653757915014
36.67711886021943
36.42441528372453
36.16870575927677
35.91012815164858
35.648728053917786
35.384480630239906
35.11729832195776
34.84703453786958
34.57348805663686
34.2964093206833
34.015508044799205
33.730460863214304
33.44091804883207
33.14650902046499
32.84684665125234
32.541530256066736
32.2301468404677
31.912269979313233
31.58745575453358
31.255235609342577
30.915106782167197
30.566521977971853
30.208880747483626
29.841525239763268
29.463742332024907
29.074772825400846
28.673827099177082
28.260106170611014
27.832827837535547
27.39125853187907
26.934749948161652
26.462771438423474
25.97491191615979
25.4708022935254
24.949896339181485
24.411069222142196
23.85206898832658
23.26897551234752
22.65591896262604
22.005275973555854
21.30830991627092
20.55580835835732
19.737966912599983
18.842874257618185
17.8533477415101
16.741828802800608
15.46153173933132
13.926481550922336
11.949278167508483
8.925825853466016
-6.571689538419024
-10.85324440404667
-13.147795482242717
-14.838604293852645
-16.213943466106887
-17.39054620906305
-18.42804980476587
-19.360467755023006
-20.208674448513257
-20.98686006122622
-21.706240330817458
-22.37686133135961
-23.00791179324461
-23.60722351812663
-24.18073605915983
-24.732386578125478
-25.264454963414
-25.7781400131615
-26.27411716995729
-26.752931350765376
-27.21519798720572
-27.66166157307982
-28.093179244773662
-28.51067785857796
-28.91510932499212
-29.30741364696583
-29.688491368984398
-30.059184795359922
-30.420267506792392
-30.77244185317008
-31.116343489048717
-31.452550986136316
-31.78159764918998
-32.10398225382485
-32.42017562120642
-32.73062058851937
-33.035723734819285
-33.33583798607007
-22.55500349851709
-22.448566276274864
-22.34156989710413
-22.234081029630936
-22.126134282441793
-22.017735917585163
-21.908869315733536
-21.79949973993037
-21.6895780112004
-21.57904334446448
-21.46782559966195
-21.355847090190874
-21.243023986356977
-21.129267322615522
-21.014483647067973
-20.898575404212394
-20.781441206911055
-20.66297618911026
-20.543072631406588
-20.42162091771377
-20.298510510017724
-20.17363066143811
-20.046871302501042
-19.918124550525697
-19.78728650677759
-19.65425865312937
-19.51894845259524
-19.38126930115321
-19.241140196633577
-19.09848531714378
-18.953233527311475
-18.805317763471162
-18.654674195814593
-18.50124098298861
-18.34495638252236
-18.18575605739386
-18.023569673001294
-17.85831721402309
-17.689905648692644
-17.51822645130397
-17.34315409862659
-17.16454520682175
-16.982237719879357
-16.796049610953204
-16.60577682999988
-16.41119053098801
-16.212033766937445
-16.008017807769402
-15.798818088318844
-15.584069646164357
-15.363361823429237
-15.13623195766746
-14.90215770301645
-14.660547469530464
-14.410728284440722
-14.15193023786604
-13.883266609724123
-13.603708736437298
-13.312054548180623
-13.006889303575448
-12.68653606699668
-12.348991317165659
-11.991836391841204
-11.612105017845831
-11.206063696478994
-10.768811980121855
-10.293518035001117
-9.76997141370862
-9.182006895990718
-8.503376814797196
-7.69251351029688
-6.6888953212402065
-5.349602919085887
-12.121092508685381
-11.75856891017878
21.556280177009352
35.50138875522609
33.55585013643081
31.34736630544427
28.80428145819001
25.403021438836976
20.68617800578241
12.704198721582264
-17.37583262262881
-23.152429618015866
-26.794538932168177
-29.82175129689423
-32.25966111545161
-34.2957560350891
-36.18624267678716
-38.102606395334455
-39.7813640304267
-41.251603280428014
-42.340268167774845
-43.39198261172411
-44.43245977998486
-47.155546778395305
-46.60293246836613
-50.02312516699918
-48.81243580346226
20.092536602040862
38.847598181457485
43.703579008263674
43.409319935006415
43.12399407220189
42.8753112276143
42.62632665244992
42.37730768745209
42.127988562546214
41.87552669330709
41.61697918552051
41.35131840969829
41.07955013158111
40.803330136834276
40.523794891235006
40.24118119882866
39.9550495951665
39.66470245173099
39.36947904570088
39.06886699902931
38.76250924917079
38.450178457782755
38.13174772365891
37.80716375667206
37.47642296156933
37.13954811785365
36.796563752562456
36.4474703856954
36.092218093397875
35.73067996748447
35.362627310378905
34.98770989938807
34.60544516070867
34.215218934854356
33.81629798104291
33.40785149607534
32.98897652636366
32.558720409938786
32.11609242087237
31.66005736757899
31.189507499622938
30.70321668299856
30.19979053097594
29.677632249112122
29.134940432521052
28.56974345466363
27.97996716428705
27.363537767492065
26.718519652479337
26.043212577078393
25.335930777242016
24.593988283628875
23.81164361107495
22.977757622645882
22.07503056906497
21.081927363914076
19.974716866723657
18.723864326712206
17.280638113434474
15.549520529400972
13.315059462133325
9.871134086639172
-7.592307765029221
-12.244518505413955
-14.788135591188727
-16.671513254216574
-18.207786821527243
-19.521808211680767
-20.674668347366083
-21.702866457236723
-22.63467551459847
-23.494313106478387
-24.300156644715685
-25.063372081007945
-25.789360329773878
-26.480576202821698
-27.13875612598675
-27.765900948370692
-28.36438938638543
-28.9367758893813
-29.485580382730703
-30.01314927580831
-30.5215793169636
-31.012690765008642
-31.488043542844395
-31.948984535690986
-32.3967061751537
-32.83229677588606
-33.2567707005508
-33.67107550984385
-34.07607989046337
-34.47254930022094
-34.86111660149497
-35.24225323227967
-35.61624371151853
-35.98316527700517
-36.342880126423225
-36.69506385406936
-37.039313498563395
-37.37537557092419
