0.0
-5.258016244624741e-15
0.0
1.0658141036401502e-15
0.0
-2.828315359693079e-13
0.0
-6.750155989720952e-16
0.0
0.0
0.0
1.6697754290362353e-15
0.0
8.171241461241152e-16
0.0
-2.877698079828406e-15
0.0
4.263256414560601e-16
0.0
3.126388037344441e-15
0.0
-1.4566126083082053e-15
0.0
9.592326932761353e-16
0.0
-8.526512829121202e-16
0.0
1.2789769243681803e-15
0.0
2.856381797755603e-13
0.0
1.5987211554602255e-15
0.0
4.263256414560601e-16
0.0
-2.793143494272954e-13
0.0
-2.4868995751603505e-15
0.0
2.6290081223123707e-15
0.0
-2.415845301584341e-15
0.0
1.1858958259836073e-13
0.0
-1.1308287639621994e-13
0.0
-2.3092638912203257e-15
0.0
-1.4210854715202004e-16
0.0
2.7785773681898716e-13
0.0
5.4001247917767615e-15
0.0
-2.0726531602122124e-13
0.0
-5.101696842757519e-14
0.0
2.5544011350575604e-13
0.0
-6.892264536872972e-15
0.0
3.552713678800501e-17
0.0
-2.9132252166164106e-15
0.0
2.9132252166164106e-15
0.0
1.8474111129762605e-15
0.0
-2.3447910280083307e-15
0.0
4.263256414560601e-16
0.0
-1.7053025658242404e-15
0.0
9.237055564881303e-16
0.0
-1.0658141036401502e-15
0.0
1.6342482922482305e-15
0.0
1.7408297026122454e-15
0.0
3.1381119924844824e-13
0.0
1.5631940186722205e-14
0.0
-1.6058265828178263e-14
0.0
-9.521272659185343e-15
0.0
-3.0198066269804257e-15
0.0
6.501466032204917e-15
0.0
3.801403636316536e-15
0.0
-2.2382096176443156e-15
0.0
2.419398015263141e-14
0.0
-1.8314239014216583e-14
0.0
1.0480505352461477e-15
0.0
-1.2008172234345693e-14
0.0
5.844214001626824e-15
0.0
3.783640067922533e-15
0.0
3.82982534574694e-14
0.0
-3.169020601490047e-14
0.0
-1.1715073355844652e-13
0.0
8.716583010937029e-14
0.0
-1.2594369991347776e-14
0.0
-1.2470025012589758e-14
0.0
-1.3020695632803836e-14
0.0
-1.0818013151947525e-14
0.0
-1.5774048733874226e-14
0.0
-1.3589129821411917e-14
0.0
-1.5294432387236155e-14
0.0
-1.3820056210533949e-14
0.0
-1.3535839116229909e-14
0.0
-1.20614629395277e-14
0.0
-1.1670664434859646e-14
0.0
-1.0924594562311541e-14
0.0
-1.454836251468805e-14
0.0
-1.4139800441625994e-14
0.0
-1.4654943925052066e-14
0.0
5.520028878436278e-13
0.0
-7.513989430663059e-14
0.0
-1.4161116723698797e-13
0.0
-2.1316282072803005e-16
0.0
4.973799150320702e-16
0.0
-7.105427357601002e-17
0.0
3.907985046680551e-16
0.0
-1.5187850976872141e-13
0.0
1.5145218412726536e-13
0.0
1.2434497875801752e-15
0.0
-1.7053025658242404e-15
0.0
2.1316282072803005e-16
0.0
-3.552713678800501e-16
0.0
5.684341886080802e-16
0.0
-7.105427357601002e-17
0.0
0.0
0.0
-1.4210854715202004e-16
0.0
4.973799150320702e-16
0.0
-1.4210854715202004e-16
0.0
-9.372058684675721e-14
0.0
9.272582701669308e-14
0.0
1.5631940186722204e-15
0.0
1.4210854715202004e-16
0.0
-1.7053025658242404e-14
0.0
-3.552713678800501e-16
0.0
-1.7621459846850485e-13
0.0
3.4177105590060816e-14
0.0
2.1316282072803005e-16
0.0
-5.684341886080802e-16
0.0
7.105427357601002e-17
0.0
3.552713678800501e-16
0.0
-1.9184653865522706e-15
0.0
9.947598300641404e-16
0.0
4.263256414560601e-16
0.0
6.394884621840901e-16
0.0
-3.552713678800501e-16
0.0
4.263256414560601e-16
0.0
-3.552713678800501e-16
0.0
1.7053025658242404e-15
0.0
6.536993168992922e-15
0.0
-2.9132252166164106e-15
0.0
2.9132252166164106e-15
0.0
-7.815970093361102e-16
0.0
-3.552713678800501e-16
0.0
1.6079582110251066e-13
0.0
-1.5909051853668644e-13
0.0
1.5930368135741447e-13
0.0
-1.4210854715202004e-16
0.0
-1.588063014423824e-13
0.0
1.5752732451801422e-13
0.0
2.842170943040401e-16
0.0
2.1316282072803005e-16
0.0
-7.105427357601002e-17
0.0
-1.5951684417814249e-13
0.0
1.6015633264032658e-13
0.0
-2.3447910280083307e-15
0.0
1.0658141036401502e-15
0.0
-1.496403001510771e-13
0.0
-3.4106051316484808e-15
0.0
1.546140993013978e-13
0.0
5.684341886080802e-16
0.0
-1.5596413049934199e-13
0.0
1.5539569631073392e-13
0.0
-1.6207479802687884e-13
0.0
1.6203927089009085e-13
0.0
-1.7763568394002506e-16
0.0
-1.5798917729625827e-13
0.0
-2.610178739814728e-13
0.0
-2.3316459873967686e-13
0.0
-8.526512829121202e-16
0.0
2.1742607714259067e-13
0.0
-3.481659405224491e-15
0.0
2.3909763058327373e-14
0.0
-1.765698698363849e-14
0.0
-2.220446049250313e-13
0.0
2.3636204105059733e-13
0.0
-1.7763568394002506e-16
0.0
6.750155989720952e-16
0.0
5.684341886080802e-15
0.0
-4.6895820560166614e-15
0.0
3.0553337637684308e-15
0.0
-1.3145040611561853e-15
0.0
-5.151434834260726e-15
0.0
6.536993168992922e-15
0.0
3.1974423109204507e-16
0.0
-1.7053025658242404e-15
0.0
-3.623767952376511e-15
0.0
-6.124878382252063e-14
0.0
4.440892098500626e-15
0.0
-1.6326495710927701e-13
0.0
4.973799150320702e-16
0.0
7.105427357601002e-17
0.0
4.263256414560601e-16
0.0
-4.085620730620576e-15
0.0
-3.161915174132446e-15
0.0
8.419931418757188e-15
0.0
4.192202140984591e-15
0.0
-2.5934809855243656e-15
0.0
3.0553337637684308e-15
0.0
-7.176481631177012e-15
0.0
4.831690603168682e-15
0.0
-1.7408297026122454e-15
0.0
2.842170943040401e-15
0.0
-6.1106675275368615e-15
0.0
8.562039965909208e-15
0.0
-8.881784197001252e-16
0.0
-4.263256414560601e-15
0.0
-3.836930773104541e-15
0.0
1.5752732451801422e-13
0.0
-1.5614176618328203e-13
0.0
3.4106051316484808e-15
0.0
2.1827872842550277e-13
0.0
-2.1941559680271893e-13
0.0
-1.7053025658242404e-15
0.0
1.3500311979441904e-15
0.0
-3.126388037344441e-15
0.0
1.6342482922482305e-15
0.0
-1.2789769243681803e-15
0.0
2.842170943040401e-16
0.0
2.0264678823878057e-13
0.0
-2.0406787371030077e-13
0.0
2.1316282072803005e-15
0.0
-5.684341886080802e-16
0.0
2.1316282072803005e-16
0.0
-9.876544027065392e-15
0.0
-7.105427357601002e-17
0.0
-2.486899575160351e-16
0.0
1.1368683772161603e-15
0.0
-1.1368683772161603e-15
0.0
6.394884621840901e-16
0.0
-6.394884621840901e-16
0.0
1.5987211554602255e-15
0.0
7.460698725481052e-16
0.0
8.881784197001252e-16
0.0
-7.105427357601002e-16
0.0
-5.684341886080802e-16
0.0
-4.618527782440651e-16
0.0
3.907985046680551e-16
0.0
-8.526512829121202e-16
0.0
-5.009326287108706e-15
0.0
2.842170943040401e-15
0.0
1.1013412404281553e-15
0.0
-2.486899575160351e-16
0.0
1.6697754290362353e-15
0.0
-7.460698725481052e-16
0.0
-3.836930773104541e-15
0.0
4.121147867408581e-15
0.0
-1.2789769243681803e-15
0.0
-1.2079226507921704e-15
0.0
-3.552713678800501e-15
0.0
1.3855583347321954e-15
0.0
-2.5934809855243656e-15
0.0
6.004086117172846e-15
0.0
3.552713678800501e-16
0.0
-1.7763568394002505e-15
0.0
-1.5702994460298215e-13
0.0
1.5599965763612998e-13
0.0
-8.526512829121202e-16
0.0
6.679101716144941e-15
0.0
-4.405364961712621e-15
0.0
8.455458555545192e-15
0.0
-8.135714324453147e-15
0.0
4.583000645652646e-15
0.0
-6.608047442568932e-15
0.0
-8.171241461241152e-16
0.0
9.805489753489382e-15
0.0
-6.608047442568932e-15
0.0
3.552713678800501e-17
0.0
-1.2434497875801752e-15
0.0
-9.592326932761353e-16
0.0
-1.2079226507921704e-15
0.0
-6.750155989720952e-16
0.0
-8.881784197001252e-16
0.0
5.329070518200751e-16
0.0
6.394884621840901e-16
0.0
-5.506706202140776e-16
0.0
2.6290081223123707e-15
0.0
2.3092638912203257e-16
0.0
5.506706202140776e-16
0.0
1.2967404927621828e-15
0.0
-7.389644451905042e-15
0.0
4.742872761198669e-15
0.0
-2.4513724383723455e-15
0.0
3.4106051316484808e-15
0.0
3.1974423109204507e-16
0.0
3.4106051316484808e-15
0.0
-3.677058657558518e-15
0.0
7.460698725481052e-16
0.0
-1.2612133559741778e-15
0.0
1.4289014416135614e-13
0.0
-1.815436689867056e-14
0.0
-1.525890525044815e-14
0.0
-2.9762858844151195e-14
0.0
4.9027448767446915e-14
0.0
-4.8818726838817386e-14
0.0
5.5129234510786773e-14
0.0
-1.2877698907232117e-13
0.0
-5.506706202140776e-16
0.0
2.3270274596143282e-15
0.0
1.0399183736353735e-11
0.0
1.9760904024224147e-12
0.0
9.525180644232024e-13
0.0
2.842170943040401e-16
0.0
-7.105427357601002e-17
0.0
3.552713678800501e-16
0.0
-2.486899575160351e-16
0.0
1.4210854715202004e-16
0.0
2.1316282072803005e-16
0.0
-5.062616992290713e-16
0.0
-1.7763568394002506e-16
0.0
-1.4210854715202004e-16
0.0
7.105427357601002e-17
0.0
-7.105427357601002e-17
0.0
7.105427357601002e-17
0.0
0.0
0.0
1.4210854715202004e-16
0.0
-2.1316282072803005e-16
0.0
0.0
0.0
0.0
0.0
-2.1316282072803005e-16
0.0
-1.4210854715202004e-16
0.0
0.0
0.0
-7.105427357601002e-16
0.0
2.1316282072803005e-16
0.0
-1.3500311979441904e-15
0.0
3.552713678800501e-17
0.0
1.4210854715202004e-16
0.0
0.0
0.0
1.4210854715202004e-16
0.0
-2.1316282072803005e-16
0.0
0.0
0.0
-7.105427357601002e-17
0.0
2.1316282072803005e-16
0.0
-4.263256414560601e-16
0.0
-1.5830892152735033e-13
0.0
-1.227107304657693e-13
0.0
8.455458555545192e-15
0.0
1.8474111129762605e-15
0.0
7.602807272633072e-15
0.0
1.2732925824820997e-13
0.0
0.0
0.0
-2.842170943040401e-16
0.0
-2.842170943040401e-16
0.0
-5.684341886080802e-16
0.0
1.1368683772161603e-15
0.0
7.105427357601002e-17
0.0
1.4210854715202004e-16
0.0
-2.842170943040401e-16
0.0
-9.237055564881303e-16
0.0
-1.4210854715202004e-16
0.0
-2.0605739337042904e-15
0.0
-1.2079226507921704e-15
0.0
8.526512829121202e-16
0.0
7.105427357601002e-17
0.0
-4.973799150320702e-16
0.0
3.552713678800501e-16
0.0
-1.9184653865522706e-15
0.0
1.4921397450962103e-15
0.0
-1.2079226507921704e-15
0.0
4.973799150320702e-16
0.0
2.1316282072803005e-16
0.0
5.684341886080802e-16
0.0
-1.7763568394002505e-15
0.0
-7.105427357601002e-17
0.0
2.1316282072803005e-15
0.0
2.5579538487363606e-15
0.0
2.3092638912203257e-15
0.0
-4.583000645652646e-15
0.0
1.4210854715202004e-16
0.0
9.237055564881303e-15
0.0
-1.0054179711005418e-14
0.0
1.1723955140041654e-15
0.0
-3.552713678800501e-16
0.0
-3.9790393202565614e-15
0.0
2.7355895326763858e-15
0.0
-4.6540549192286564e-15
0.0
4.476419235288631e-15
0.0
-2.0605739337042904e-15
0.0
-8.881784197001252e-16
0.0
2.806643806252396e-15
0.0
5.933031843596836e-15
0.0
-9.556799795973347e-15
0.0
9.947598300641404e-16
0.0
1.5987211554602255e-15
0.0
-4.192202140984591e-15
0.0
3.1974423109204507e-16
0.0
9.965361869035406e-15
0.0
-5.258016244624741e-15
0.0
-2.3092638912203257e-16
0.0
3.3395508580724707e-15
0.0
-4.334310688136611e-15
0.0
6.323830348264892e-15
0.0
9.947598300641404e-16
0.0
-3.1974423109204507e-16
0.0
2.415845301584341e-15
0.0
-1.8474111129762605e-15
0.0
5.115907697472721e-15
0.0
-2.6290081223123707e-15
0.0
-4.476419235288631e-15
0.0
1.4210854715202005e-15
0.0
-3.907985046680551e-16
0.0
3.872457909892546e-15
0.0
-5.861977570020826e-15
0.0
3.197442310920451e-15
0.0
-5.755396159656812e-15
0.0
5.151434834260726e-15
0.0
1.2789769243681803e-15
0.0
-1.4210854715202004e-16
0.0
-1.7763568394002505e-15
0.0
-1.2789769243681803e-15
0.0
4.121147867408581e-15
0.0
3.126388037344441e-15
0.0
-1.6342482922482305e-15
0.0
7.176481631177012e-15
0.0
-1.1297629498585594e-14
0.0
3.623767952376511e-15
0.0
-2.6290081223123707e-15
0.0
-3.268496584496461e-15
0.0
5.897504706808831e-15
0.0
-1.8474111129762605e-15
0.0
1.2079226507921704e-15
0.0
-4.973799150320702e-16
0.0
-1.2079226507921704e-15
0.0
-1.0658141036401502e-15
0.0
-4.973799150320702e-16
0.0
3.552713678800501e-17
0.0
-1.5486278925891385e-13
0.0
-1.1080913964178763e-13
0.0
-3.907985046680551e-16
0.0
-2.1316282072803005e-16
0.0
4.973799150320702e-16
0.0
9.947598300641404e-16
0.0
-1.3997691894473973e-14
0.0
-7.105427357601002e-17
0.0
-9.592326932761353e-16
0.0
1.2789769243681803e-15
0.0
1.4210854715202004e-16
0.0
2.8038016353093554e-13
0.0
-2.877698079828406e-15
0.0
1.0302869668521452e-15
0.0
7.460698725481052e-16
0.0
-2.1316282072803005e-15
0.0
-3.552713678800501e-16
0.0
1.4210854715202005e-15
0.0
1.7053025658242404e-15
0.0
-4.618527782440651e-16
0.0
-3.446132268436486e-15
0.0
-4.263256414560601e-16
0.0
-3.1974423109204507e-16
0.0
2.0961010704922954e-15
0.0
2.1316282072803005e-15
0.0
-4.298783551348606e-15
0.0
-2.7355895326763858e-15
0.0
2.6290081223123707e-15
0.0
-1.0658141036401502e-16
0.0
2.3803181647963358e-15
0.0
-4.405364961712621e-15
0.0
7.887024366937113e-15
0.0
-6.8212102632969615e-15
0.0
9.237055564881303e-16
0.0
-2.486899575160351e-16
0.0
2.2382096176443156e-15
0.0
1.7408297026122454e-15
0.0
-7.531752999057062e-15
0.0
-3.5136338283336956e-14
0.0
2.5224267119483555e-15
0.0
3.741007503776927e-14
0.0
-8.881784197001252e-15
0.0
5.080380560684716e-15
0.0
7.460698725481052e-16
0.0
-3.481659405224491e-15
0.0
1.4921397450962103e-15
0.0
2.9132252166164106e-15
0.0
-6.039613253960852e-16
0.0
-2.1316282072803005e-16
0.0
2.7355895326763858e-15
0.0
-3.0730973321624333e-15
0.0
3.552713678800501e-17
0.0
-1.1901590823981679e-15
0.0
2.460076586885407e-13
0.0
1.177724584522366e-14
0.0
-1.6770584920777764e-13
0.0
1.6063594898696466e-13
0.0
-1.4138024084786594e-13
0.0
-1.4937384662516707e-13
0.0
-2.6272317654729703e-14
0.0
2.6531665753282143e-13
0.0
-4.1868730704663904e-14
0.0
-3.235989254335436e-13
0.0
9.059419880941278e-16
0.0
1.1510792319313624e-14
0.0
2.5237589795779056e-13
0.0
-2.499334073036152e-13
0.0
2.1183055309847985e-15
0.0
-1.7852386235972515e-15
0.0
-2.6991742174686806e-14
0.0
1.3375967000683886e-14
0.0
-6.000533403494046e-14
0.0
-6.457057111219911e-14
0.0
-6.711076139254146e-14
0.0
4.614921778056668e-12
0.0
9.659650856974621e-13
0.0
4.262545871824841e-13
0.0
2.1316282072803005e-16
0.0
2.842170943040401e-16
0.0
-4.973799150320702e-16
0.0
-5.329070518200751e-16
0.0
2.486899575160351e-16
0.0
-2.1316282072803005e-16
0.0
3.019806626980426e-16
0.0
-1.7763568394002506e-16
0.0
1.688960082901758e-13
0.0
5.307754236127948e-14
0.0
0.0
0.0
4.831690603168682e-15
0.0
-2.3305801732931285e-14
0.0
-1.1439738045737614e-14
0.0
1.7834622667578513e-14
0.0
-2.842170943040401e-16
0.0
2.8393287720973604e-13
0.0
-3.552713678800501e-16
0.0
-4.973799150320702e-16
0.0
2.842170943040401e-16
0.0
-1.8978596472152277e-13
0.0
1.7053025658242404e-15
0.0
-2.1362467350627413e-13
0.0
1.9021229036297882e-13
0.0
1.9703350062627578e-13
0.0
3.510081114654895e-14
0.0
7.105427357601002e-17
0.0
2.1316282072803005e-16
0.0
-2.1316282072803005e-16
0.0
7.105427357601002e-17
0.0
0.0
0.0
-2.842170943040401e-16
0.0
1.8474111129762605e-15
0.0
-3.552713678800501e-16
0.0
-2.901145990108489e-13
0.0
-5.684341886080802e-16
0.0
4.973799150320702e-16
0.0
5.684341886080802e-16
0.0
-2.1316282072803005e-16
0.0
1.4210854715202004e-16
0.0
-5.684341886080802e-16
0.0
3.552713678800501e-16
0.0
-5.684341886080802e-16
0.0
2.8911983918078475e-13
0.0
1.2789769243681803e-15
0.0
-1.0658141036401502e-15
0.0
1.9895196601282807e-15
0.0
2.842170943040401e-16
0.0
-2.842170943040401e-16
0.0
-2.4868995751603505e-15
0.0
5.613287612504792e-15
0.0
-1.6505907751707128e-13
0.0
1.5909051853668644e-13
0.0
-1.6513013179064727e-13
0.0
3.552713678800501e-16
0.0
2.9309887850104133e-13
0.0
-2.9118041311448903e-13
0.0
2.771116669464391e-15
0.0
-1.9895196601282807e-15
0.0
8.618883384770016e-14
0.0
3.694822225952521e-15
0.0
1.1148415524075972e-13
0.0
-1.319477860306506e-13
0.0
1.2029488516418496e-13
0.0
2.0605739337042904e-15
0.0
-2.5224267119483555e-15
0.0
-1.6406431768700713e-13
0.0
-1.2299494756007333e-13
0.0
1.0153655694011831e-13
0.0
-4.085620730620576e-15
0.0
-2.3803181647963358e-15
0.0
1.4210854715202004e-16
0.0
4.618527782440651e-16
0.0
-4.618527782440651e-16
0.0
1.0658141036401502e-16
0.0
-3.907985046680551e-16
0.0
-2.7000623958883807e-15
0.0
2.3803181647963358e-15
0.0
1.5631940186722204e-15
0.0
2.2026824808563106e-15
0.0
-3.836930773104541e-15
0.0
7.105427357601002e-17
0.0
8.171241461241152e-16
0.0
-4.263256414560601e-16
0.0
8.881784197001253e-17
0.0
-4.494182803682633e-15
0.0
1.0231815394945442e-14
0.0
-4.227729277772596e-15
0.0
5.222489107836736e-15
0.0
-1.7053025658242404e-15
0.0
-3.197442310920451e-15
0.0
-6.323830348264892e-15
0.0
6.0751403907488565e-15
0.0
-4.369837824924616e-15
0.0
5.222489107836736e-15
0.0
5.684341886080802e-16
0.0
-3.588240815588506e-15
0.0
6.217248937900877e-15
0.0
-2.2737367544323206e-15
0.0
4.227729277772596e-15
0.0
-7.212008767965016e-15
0.0
1.3855583347321954e-15
0.0
2.2737367544323206e-15
0.0
-6.039613253960852e-16
0.0
1.5987211554602255e-15
0.0
-2.7000623958883807e-15
0.0
2.1316282072803005e-16
0.0
3.197442310920451e-15
0.0
-4.618527782440651e-15
0.0
1.5631940186722204e-15
0.0
1.2079226507921704e-15
0.0
-2.5579538487363606e-15
0.0
1.1368683772161603e-15
0.0
1.4921397450962103e-15
0.0
-8.526512829121202e-16
0.0
2.842170943040401e-16
0.0
5.684341886080802e-16
0.0
2.842170943040401e-16
0.0
-1.1368683772161603e-15
0.0
-2.842170943040401e-16
0.0
2.842170943040401e-16
0.0
-4.334310688136611e-15
0.0
-2.1316282072803005e-16
0.0
-2.985700575663941e-13
0.0
1.0658141036401502e-16
0.0
1.7763568394002506e-16
0.0
-3.552713678800501e-17
0.0
1.5631940186722204e-15
0.0
2.9917401889179016e-13
0.0
-1.6697754290362353e-15
0.0
-1.035260766002466e-13
0.0
4.7215564791258654e-14
0.0
4.515499085755437e-14
0.0
-1.8474111129762605e-15
0.0
3.552713678800501e-15
0.0
-3.836930773104541e-15
0.0
-3.4106051316484808e-15
0.0
4.938272013532696e-15
0.0
-2.5224267119483555e-15
0.0
-6.039613253960852e-16
0.0
2.9487523534044156e-15
0.0
7.105427357601002e-16
0.0
2.2183144210430327e-13
0.0
2.9523050670832164e-14
0.0
-1.8118839761882555e-15
0.0
-7.283063041541026e-15
0.0
8.846257060213248e-15
0.0
1.1368683772161603e-15
0.0
-6.135536523288465e-14
0.0
-6.892264536872972e-15
0.0
-1.2008172234345693e-14
0.0
-5.4356519285647665e-15
0.0
-1.8999912754225078e-13
0.0
-3.730349362740526e-15
0.0
1.8474111129762605e-15
0.0
2.6290081223123707e-15
0.0
-3.268496584496461e-15
0.0
-1.9468870959826747e-14
0.0
4.46931380793103e-14
0.0
2.4922286456785516e-13
0.0
6.039613253960852e-16
0.0
-2.660272002685815e-13
0.0
-3.1974423109204507e-16
0.0
8.988365607365267e-15
0.0
2.6400215347166523e-13
0.0
-1.0658141036401502e-15
0.0
-5.719869022868807e-15
0.0
-1.637445734559151e-13
0.0
1.6804335700726368e-13
0.0
-1.9234391857025912e-13
0.0
1.0253131677018245e-13
0.0
1.4210854715202004e-16
0.0
-2.078337502098293e-15
0.0
2.0756729668391926e-13
0.0
-2.0246915255484056e-13
0.0
-2.3803181647963358e-15
0.0
-7.37188088351104e-15
0.0
3.765876499528531e-15
0.0
9.277911772187508e-14
0.0
1.624300693947589e-13
0.0
-2.331823623080709e-13
0.0
1.6919798895287386e-13
0.0
-1.6555645743210335e-14
0.0
-1.5937473563099047e-13
0.0
1.3274714660838072e-13
0.0
1.8385293287792592e-14
0.0
-2.4851232183209504e-14
0.0
-5.977440764581843e-14
0.0
-6.448175327022909e-14
0.0
1.8562928971732616e-15
0.0
-3.677058657558518e-15
0.0
1.0871303857129533e-14
0.0
-3.0724756072686433e-13
0.0
2.9585223160211174e-13
0.0
2.6645352591003757e-15
0.0
-5.950795411990839e-15
0.0
-1.0764722446765517e-14
0.0
2.8141045049778766e-13
0.0
-1.2319034681240736e-13
0.0
-2.234656903965515e-14
0.0
-1.4210854715202004e-16
0.0
4.973799150320702e-16
0.0
-4.263256414560601e-16
0.0
7.105427357601002e-17
0.0
-6.068034963391255e-14
0.0
-8.526512829121202e-16
0.0
4.440892098500626e-16
0.0
-4.618527782440651e-16
0.0
3.552713678800501e-16
0.0
2.1316282072803005e-16
0.0
-2.1316282072803005e-16
0.0
7.105427357601002e-17
0.0
-2.1316282072803005e-16
0.0
2.842170943040401e-16
0.0
-4.263256414560601e-16
0.0
4.973799150320702e-16
0.0
-3.552713678800501e-16
0.0
5.684341886080802e-16
0.0
7.105427357601002e-17
0.0
-5.222489107836736e-14
0.0
4.511946372076636e-14
0.0
-2.1316282072803005e-16
0.0
4.529709940470639e-14
0.0
-9.187317573378095e-14
0.0
4.256150987203e-14
0.0
-2.0676793610618916e-14
0.0
2.6204816094832497e-13
0.0
6.394884621840901e-16
0.0
-2.842170943040401e-16
0.0
2.842170943040401e-16
0.0
-1.4210854715202004e-16
0.0
-1.4210854715202004e-16
0.0
-6.394884621840901e-16
0.0
2.6290081223123707e-15
0.0
-2.1316282072803005e-16
0.0
-2.1316282072803005e-16
0.0
-2.1316282072803005e-16
0.0
7.105427357601002e-16
0.0
-1.3500311979441904e-15
0.0
-2.1316282072803005e-16
0.0
2.3447910280083307e-15
0.0
-2.771116669464391e-15
0.0
2.5579538487363606e-15
0.0
-1.5631940186722204e-15
0.0
-2.1316282072803005e-16
0.0
-1.5631940186722204e-15
0.0
-1.5134560271690133e-14
0.0
-1.4210854715202005e-15
0.0
9.237055564881303e-16
0.0
3.005595772265224e-14
0.0
-7.73070496506989e-14
0.0
-3.33244543071487e-14
0.0
4.014566457044566e-14
0.0
3.588240815588506e-14
0.0
-5.826450433232821e-14
0.0
-3.0553337637684308e-15
0.0
-2.4208191007346614e-13
0.0
2.723510306168464e-13
0.0
-5.258016244624741e-15
0.0
2.771116669464391e-15
0.0
-2.7846169814438325e-13
0.0
-2.806643806252396e-15
0.0
2.7196023211217834e-13
0.0
2.3092638912203257e-15
0.0
-2.2737367544323206e-15
0.0
-5.577760475716787e-15
0.0
8.419931418757188e-15
0.0
-1.8474111129762605e-15
0.0
1.4210854715202005e-15
0.0
2.959410494440817e-14
0.0
-2.955857780762017e-14
0.0
1.1368683772161603e-15
0.0
1.8829382497642656e-15
0.0
-6.288303211476887e-15
0.0
1.1013412404281553e-15
0.0
-1.7053025658242404e-15
0.0
4.369837824924616e-15
0.0
-5.044853423896711e-15
0.0
-2.853539626812562e-13
0.0
3.552713678800501e-16
0.0
2.1316282072803005e-15
0.0
-6.217248937900877e-15
0.0
1.0835776720341528e-15
0.0
2.9686475500056987e-13
0.0
-4.432010314303625e-15
0.0
-1.4743761767022078e-15
0.0
1.8118839761882555e-15
0.0
-3.2152058793144534e-15
0.0
5.790923296444816e-15
0.0
-1.5276668818842154e-15
0.0
1.3855583347321954e-15
0.0
-8.526512829121202e-16
0.0
-3.907985046680551e-16
0.0
1.4566126083082053e-15
0.0
-1.8118839761882555e-15
0.0
9.947598300641404e-16
0.0
-3.9790393202565614e-15
0.0
5.258016244624741e-15
0.0
-9.592326932761353e-15
0.0
7.567280135845067e-15
0.0
1.9895196601282807e-15
0.0
-5.5067062021407766e-15
0.0
5.4001247917767615e-15
0.0
4.263256414560601e-16
0.0
-4.263256414560601e-15
0.0
8.171241461241152e-16
0.0
1.4921397450962103e-15
0.0
-2.0250467969162854e-15
0.0
-2.6290081223123707e-15
0.0
2.0250467969162854e-15
0.0
-3.4106051316484808e-15
0.0
5.329070518200751e-15
0.0
-3.268496584496461e-15
0.0
-1.7053025658242404e-15
0.0
-1.0658141036401502e-15
0.0
3.765876499528531e-15
0.0
-4.263256414560601e-16
0.0
-1.4210854715202005e-15
0.0
7.105427357601002e-17
0.0
-1.2789769243681803e-15
0.0
6.394884621840901e-16
0.0
5.684341886080802e-16
0.0
7.105427357601002e-17
0.0
3.2116531656356525e-14
0.0
-1.4210854715202005e-15
0.0
4.263256414560601e-16
0.0
7.105427357601002e-17
0.0
-3.183231456205249e-14
0.0
1.2079226507921704e-15
0.0
-2.745181859609147e-13
0.0
2.742694960033987e-13
0.0
-1.4210854715202004e-16
0.0
6.039613253960852e-16
0.0
2.6645352591003757e-15
0.0
-2.9842794901924207e-15
0.0
3.1974423109204507e-16
0.0
1.3145040611561853e-15
0.0
7.105427357601002e-16
0.0
-1.3500311979441904e-15
0.0
-1.8474111129762605e-15
0.0
2.5934809855243656e-15
0.0
-7.105427357601002e-17
0.0
-7.460698725481052e-16
0.0
-6.750155989720952e-16
0.0
5.648814749292797e-15
0.0
-6.0751403907488565e-15
0.0
3.730349362740526e-15
0.0
1.9895196601282807e-15
0.0
-1.6697754290362353e-15
0.0
1.4210854715202004e-16
0.0
4.7251091928046665e-15
0.0
-5.648814749292797e-15
0.0
4.156675004196586e-15
0.0
-1.8829382497642656e-15
0.0
-5.329070518200751e-16
0.0
-7.815970093361102e-16
0.0
1.8474111129762605e-15
0.0
4.973799150320702e-16
0.0
2.1316282072803005e-15
0.0
-1.3855583347321954e-15
0.0
-3.0908609005564358e-15
0.0
1.8118839761882555e-15
0.0
1.4210854715202004e-16
0.0
-2.2026824808563106e-15
0.0
2.2737367544323206e-15
0.0
1.3855583347321954e-15
0.0
-5.151434834260726e-15
0.0
2.5579538487363606e-15
0.0
4.511946372076636e-15
0.0
-3.907985046680551e-15
0.0
4.867217739956687e-15
0.0
-1.9184653865522706e-15
0.0
5.684341886080802e-16
0.0
-2.6290081223123707e-15
0.0
1.438849039914203e-15
0.0
-2.6822988274943782e-15
0.0
-1.3145040611561853e-15
0.0
-4.778399897986674e-15
0.0
-3.2862601528904635e-15
0.0
1.049826892085548e-14
0.0
-8.881784197001252e-16
0.0
7.283063041541026e-16
0.0
1.438849039914203e-15
0.0
1.1901590823981679e-15
0.0
-7.727152251391089e-15
0.0
-2.504663143554353e-15
0.0
1.2612133559741778e-14
0.0
-3.581135388230905e-14
0.0
-3.494093903100293e-14
0.0
-3.327116360196669e-14
0.0
3.3704594670780354e-13
0.0
4.0554226643507715e-14
0.0
-8.526512829121202e-16
0.0
1.142197447734361e-13
0.0
-4.618527782440651e-16
0.0
2.842170943040401e-16
0.0
-2.2168933355715125e-13
0.0
-6.917133532624575e-14
0.0
-3.552713678800501e-16
0.0
1.0658141036401502e-16
0.0
4.263256414560601e-16
0.0
2.0024870650559024e-13
0.0
-2.006395050102583e-13
0.0
1.0658141036401502e-16
0.0
2.6158630817008087e-13
0.0
-2.616573624436569e-13
0.0
-9.308109838457312e-14
0.0
9.379164112033322e-14
0.0
-2.842170943040401e-16
0.0
3.552713678800501e-17
0.0
7.105427357601002e-17
0.0
-2.842170943040401e-16
0.0
4.973799150320702e-16
0.0
1.4210854715202004e-16
0.0
8.526512829121202e-16
0.0
-7.815970093361102e-16
0.0
-1.1368683772161603e-15
0.0
1.3500311979441904e-15
0.0
-2.842170943040401e-16
0.0
7.815970093361102e-16
0.0
-1.0736300737335113e-13
0.0
4.263256414560601e-16
0.0
-1.0249578963339446e-13
0.0
1.4210854715202004e-16
0.0
7.105427357601002e-17
0.0
-4.263256414560601e-16
0.0
4.973799150320702e-16
0.0
0.0
0.0
-1.2505552149377763e-14
0.0
-2.9132252166164106e-15
0.0
-7.815970093361102e-16
0.0
1.4210854715202004e-16
0.0
2.856381797755603e-13
0.0
-2.843592028511921e-13
0.0
-1.1368683772161603e-15
0.0
1.7763568394002505e-15
0.0
-9.237055564881303e-16
0.0
6.394884621840901e-16
0.0
-2.5579538487363606e-15
0.0
1.9184653865522706e-15
0.0
-6.394884621840901e-16
0.0
3.552713678800501e-16
0.0
9.947598300641404e-16
0.0
-7.105427357601002e-17
0.0
1.2931877790833824e-14
0.0
-2.559374934207881e-13
0.0
8.526512829121202e-16
0.0
2.5302426820417167e-13
0.0
-1.4921397450962103e-15
0.0
2.771116669464391e-15
0.0
-4.618527782440651e-15
0.0
3.33244543071487e-14
0.0
-3.552713678800501e-16
0.0
-6.1817218011128716e-15
0.0
1.2079226507921704e-15
0.0
9.592326932761353e-15
0.0
-1.2363443602225743e-14
0.0
-4.6895820560166614e-15
0.0
6.1817218011128716e-15
0.0
-6.394884621840901e-16
0.0
6.892264536872972e-15
0.0
-9.805489753489382e-15
0.0
8.277822871605167e-15
0.0
9.947598300641404e-16
0.0
-1.6768808563938364e-14
0.0
1.77280412572145e-14
0.0
2.2737367544323206e-15
0.0
-7.922551503725117e-15
0.0
3.0908609005564358e-15
0.0
3.396394276933279e-14
0.0
8.846257060213248e-15
0.0
1.1294076784906792e-13
0.0
-1.2096990076315705e-13
0.0
5.329070518200751e-16
0.0
-4.583000645652646e-15
0.0
4.902744876744691e-15
0.0
-1.4921397450962103e-15
0.0
-2.3092638912203257e-15
0.0
8.881784197001252e-15
0.0
1.0302869668521452e-15
0.0
-9.734435479913373e-15
0.0
-4.0323300254385686e-15
0.0
1.2683187833317788e-14
0.0
-3.0198066269804257e-15
0.0
-2.8599345114344034e-15
0.0
-4.973799150320702e-16
0.0
1.2256862191861727e-15
0.0
-2.4513724383723455e-15
0.0
3.161915174132446e-15
0.0
-1.9895196601282807e-15
0.0
4.227729277772596e-15
0.0
9.947598300641404e-16
0.0
2.48228104737791e-13
0.0
-2.569322532508522e-13
0.0
-5.119460411151522e-14
0.0
1.3102408047416248e-13
0.0
-4.831690603168682e-15
0.0
6.1106675275368615e-15
0.0
5.080380560684716e-15
0.0
-1.7053025658242404e-15
0.0
-1.9895196601282807e-15
0.0
-3.552713678800501e-16
0.0
3.2578384434600593e-14
0.0
4.405364961712621e-15
0.0
-2.5934809855243656e-15
0.0
-4.263256414560601e-16
0.0
4.085620730620576e-15
0.0
-8.526512829121202e-16
0.0
4.654054919228656e-14
0.0
-3.0553337637684308e-15
0.0
-7.815970093361102e-16
0.0
5.044853423896711e-15
0.0
-6.394884621840901e-16
0.0
-4.263256414560601e-16
0.0
3.552713678800501e-16
0.0
-4.263256414560601e-16
0.0
-8.526512829121202e-16
0.0
2.1316282072803005e-16
0.0
-8.050449196161935e-14
0.0
1.5383250229206168e-13
0.0
2.1316282072803005e-16
0.0
8.526512829121202e-16
