0.1697029384810327
-31.432265928729603
-31.25212129794342
-31.069777053682323
-30.885156687896274
-30.69819472469807
-30.508820153552794
-30.31696305368422
-30.12253654522492
-29.925472576196995
-29.72567111738345
-29.523043271974803
-29.317496189541345
-29.10892308102042
-28.897216748810674
-28.682260981736043
-28.463936867615775
-28.242112389373943
-28.016648311291473
-27.787397603376018
-27.554206756117363
-27.316904033966097
-27.075309100321977
-26.829233390520205
-26.57845566100111
-26.32277325446425
-26.061922065509894
-25.795656438000087
-25.523683421274765
-25.24570221846246
-24.96136496353776
-24.670318345095694
-24.372146420912625
-24.066407915628737
-23.752610967741262
-23.430213585799514
-23.098606337089677
-22.7571113571246
-22.404969821464107
-22.041307405998584
-21.665156895047964
-21.275391601232048
-20.87071849081308
-20.44963617634436
-20.0103839546897
-19.55087580055472
-19.06861626995265
-18.560572891819614
-18.023010519350812
-17.451241819714326
-16.839262106492164
-16.179172019803726
-15.460252399723633
-14.667354749529743
-13.777919307228556
-12.755828167052039
-11.536813923066905
-9.985042093399349
-7.694149809717091
4.388842562678576
8.547949160263805
10.094898050173756
10.074898050173768
10.054898050173714
10.034898050173934
10.014898050173437
9.994898050173656
9.974898050173486
9.954898050173634
9.934898050173661
9.914898050173809
9.894898050173849
9.874898050173924
9.85489805017356
9.834898050173601
9.81489805017355
-13.826854002346687
-12.813029416729716
23.374477226278394
38.96087884815476
36.50003169553175
33.65311721006792
30.220138792532055
25.75503176197658
18.72809189898189
-15.803060313768922
-24.36367083611233
-29.231341552776342
-32.863392491714144
-35.83242663594466
-38.37715451944498
-40.6228034301827
-42.64422949267275
-44.490169530937784
-46.19433808136286
-47.781141671921546
-49.26888312511915
-50.67168170937519
-52.000688347177075
-53.264874269385885
-54.47158400814781
20.4284814743595
39.30401770516392
44.10313819155446
43.85779136139441
43.609518027603606
43.358235658766326
43.10385746777304
42.84629232225187
42.585446633074525
42.32121893354816
42.05350247705773
41.78219225746709
41.50716635024621
41.2283036362725
40.945474349653274
40.658541618169664
40.36736044683789
40.07177728321428
39.7716292802488
39.46674348460016
39.1569362622065
38.84201163507393
38.52176477654245
38.19596024845946
37.86437309079557
37.526742714559155
37.18279302681022
36.832229682351766
36.47473155503069
36.109963613805895
35.73754060182525
35.35706971337849
34.968100800087676
34.57016099823508
34.16271541586722
33.745193410005285
33.31695615308878
32.877297572484096
32.42544105339446
31.960506967993567
31.481525532922774
30.987394528262914
30.476868314798725
29.948529818351677
29.400746920542087
28.83165892511252
28.23905810218194
27.620387725248587
26.972564555846848
26.291938692461958
25.57402532926041
24.81326849891616
24.002664821857852
23.133175307983397
22.192800845760335
21.1650744919449
20.02639219166285
18.740916552673863
17.249647285478858
15.443072197751206
13.071209895455297
9.219188702869008
-8.73369085416048
-12.83811902113498
-15.277358019952668
-17.11733415175992
-18.629132430472634
-19.928727893749254
-21.0778372860644
-22.113641246384113
-23.06050521346785
-23.935344873339556
-24.750453698316957
-25.51507398839383
-26.236350192968416
-26.919933572599483
-27.570379286619175
-28.191419150817786
-28.786156042937364
-29.35719993290471
-29.906760148084853
-30.43674629161493
-30.948793199040676
-31.444343011870025
-31.92464952286531
-32.390823559203625
-32.84385336737957
-33.28461509611635
-33.71389886929494
-34.132415114762175
-34.540803572905965
-34.939652079536025
-35.32948176322078
-35.71078580982071
-36.084001088521944
-36.44953908403795
-36.80777441302802
-37.15904787828513
-37.50368755505685
-37.8419875836807
-24.19584124694854
-24.08026130216989
-23.96347461310008
-23.845462558688716
-23.726187026882204
-23.6056203442729
-23.483735070021396
-23.360481117738633
-23.235832676561284
-23.109756777330176
-22.982211074924248
-22.853153966341036
-22.722540567524213
-22.59033328502676
-22.456484565699565
-22.32094282155588
-22.183657697179193
-22.044572916943267
-21.903642775319955
-21.760788398381212
-21.615965604240884
-21.469103192886802
-21.320124532238264
-21.16896381622543
-21.01553818805587
-20.859767362428812
-20.701557172130794
-20.54083053488175
-20.37746892861377
-20.211377727442365
-20.042436540569497
-19.870526316195306
-19.69552397975252
-19.517295321321814
-19.335659325689193
-19.15050078149537
-18.961614992886066
-18.76883503485467
-18.57192633722677
-18.370697873938145
-18.164891437368478
-17.954249121682178
-17.738477086326768
-17.517269169683274
-17.290262709728413
-17.057076072152018
-16.817267670772672
-16.570357547660056
-16.315801304847387
-16.05298490621937
-15.781211948872974
-15.499685246186756
-15.207485807950412
-14.903546270121216
-14.586623174001321
-14.255241710063396
-13.907638523018722
-13.541679957782193
-13.154742517679969
-12.743544589006234
-12.303895682406601
-11.830309718416569
-11.31538015872489
-10.748714669853968
-10.114977188585497
-9.38993406267883
-8.531263346459477
-7.452674289467217
-5.915166544748592
0.36853965644598286
5.916071369070451
7.453419771926131
8.531885120739872
9.390460361448717
-12.72828953494562
-12.287324552940142
22.727425259537437
37.350936201019906
35.147486447194524
32.62635499129948
29.640300112558908
25.88827707517245
20.53563308738006
-3.1181203599329628
-20.583515746745128
-25.9185701430042
-29.66358200560982
-32.64576343488837
-35.16442221374408
-37.36616111399149
-39.33504494105144
-41.12428830252843
-42.769961021038334
-44.29777243267034
-45.72676969180884
-47.07150275408706
-48.34336667400311
-49.5514718138018
-50.70322995664072
-51.80476168169778
21.433234670326872
40.66092285898705
45.3765614222012
45.12249090953249
44.86537180536157
44.605117445235855
44.34163712309584
44.07483533201445
43.80461269395291
43.530863144270086
43.253475919247926
42.97234196650907
42.68732360388844
42.398291943822045
42.105142255531284
41.80769805758574
41.505813858487016
41.19932845629695
40.88807251864808
40.57186739359001
40.25050552704379
39.92379454810822
39.5915052970186
39.25340721137321
38.90924317571517
38.5587471874004
38.20162683559624
37.83756579857323
37.46623024496111
37.08725252892643
36.70023689315709
36.30475295528767
35.90033160361971
35.486460682841546
35.06257954004124
34.62806893995163
34.18224685584453
33.72436417593134
33.253574832072715
32.76894564041602
32.2694214573401
31.75382278694172
31.2207954602351
30.668803791152705
30.096078141086235
29.500584000467363
28.879906763696464
28.231236084532803
27.551195736288282
26.83570993627599
26.079791368635686
25.277210452687765
24.420045247234356
23.497975362544032
22.4971352293299
21.39822136715362
20.173013767043596
18.77748759505223
17.136345068159383
15.100697152312463
12.286275125969388
6.4298262731721305
-10.977946937790175
-14.279829557436134
-16.51046503682697
-18.261086493345108
-19.728183422631776
-21.004470379127
-22.142010005815155
-23.173268685430095
-24.120039206280335
-24.997736770460794
-25.817709953408066
-26.58858344643401
-27.31711989460103
-28.00865026049713
-28.667538743140472
-29.297370538473253
-29.901135963433212
-30.48137834306483
-31.04023417004055
-31.57956159071811
-32.10099372005634
-32.60587845486344
-33.09552098859448
-33.57097532569951
-34.033233086681854
-34.48314494216457
-34.921523695539236
-35.34904516918268
-35.76635865021579
-36.17404264775281
-36.57262366526708
-36.962589055194634
-37.344369293136424
-37.71839332821175
-38.08501435269745
-38.4445917081804
-38.79743686623593
-39.143866933897954
-24.650910157681018
-24.531452869427707
-24.41073546969183
-24.28873004423651
-24.165399415498694
-24.04072514978863
-23.914655894687744
-23.78716023136457
-23.658202089471565
-23.527742057649768
-23.39573865601186
-23.262149751233494
-23.126927351811357
-22.990023236168447
-22.85139189557681
-22.710976858664246
-22.568730391521644
-22.424588953294617
-22.278491711657107
-22.130376291923323
-21.980174759885806
-21.827816466571967
-21.673230294693976
-21.516322414658866
-21.357023783067184
-21.195231116565562
-21.030869370037564
-20.863816461546637
-20.69397439066257
-20.52122463323841
-20.345446119808177
-20.166505312096227
-19.984260851128145
-19.798559499545437
-19.60924157732482
-19.416125410786123
-19.219020232376007
-19.01772396042043
-18.8119919955969
-18.601614125263314
-18.386292521952154
-18.165739572545203
-17.939632317871965
-17.707612188861592
-17.469288319704546
-17.224214406916886
-16.971895627891737
-16.711782844890344
-16.443251271116125
-16.1655908171774
-15.877990842967172
-15.579518728927953
-15.269092847875967
-14.945447770760785
-14.607087527518054
-14.252225613874957
-13.87869991273367
-13.483854088033008
-13.064369389112569
-12.61601219700681
-12.13324765410749
-11.608616312569561
-11.031675465627977
-10.387059579440878
-9.650586685000745
-8.7803214151674
-7.691461767804896
-6.154440389532263
-2.2378711850572723
5.95052572370094
7.563067226151704
8.68239970541764
9.569815055017934
9.833358425805075
9.81335842580482
-13.19021565000846
-12.750657052219177
23.867397555854772
38.914211502318096
36.45434691763326
33.60818227297969
30.175334088913896
25.70837748220114
18.66824008395178
-15.846823236708167
-24.36533950724346
-29.220831640213852
-32.84583847705321
-35.80987833114529
-38.3507213012229
-40.5931564742798
-42.61183314913784
-44.455362549792376
-46.157374344803266
-47.74222592559719
-49.2281673481
-50.62930856424858
-51.956767802193326
-53.21950548240868
-54.424851069077704
21.26069793704418
40.445787654838334
45.18473188616403
44.93197274540132
44.67618303395448
44.417272538155736
44.15515348542156
43.889733037589544
43.62091387951115
43.348590109941206
43.07265196560444
42.792987084525656
42.509467321704854
42.22196962723883
41.93035504922064
41.634485056823195
41.3342055174134
41.029352337072446
40.719761837706336
40.4052467015626
40.08561876389607
39.76066706286772
39.43018572765974
39.09392845957311
38.75164673728059
38.40308033032624
38.047930778565686
37.68588995374665
37.316625442845435
36.9397741373515
36.55494379049929
36.16170616766579
35.759597832233666
35.34811102862462
34.92669336391373
34.49472080733059
34.05153302603818
33.59637480552511
33.12841760639806
32.64673634254819
32.150283217723114
31.63789772936887
31.108235867422795
30.559785121034515
29.990790872222085
29.39924971137285
28.78277258744213
28.138589273373125
27.463375428571116
26.75311110597609
26.002891415309893
25.206580907770693
24.356407075679282
23.44223356170801
22.450508433387004
21.362343884970983
20.150259785867338
18.77154358069849
17.1535411563252
15.15404308737467
12.413203297221312
7.015997802356648
-10.691206871804061
-14.076808887740281
-16.33260270423014
-18.094293284416974
-19.566879187268096
-20.845945112074507
-21.984732684291146
-23.016324601102124
-23.962845844157513
-24.839907523002147
-25.658987521237
-26.428795940477887
-27.156119374576214
-27.846353522887753
-28.503895616798463
-29.132336183779522
-29.734687071493898
-30.31348270580408
-30.87088949205173
-31.40877117885605
-31.9287353292556
-32.432199701482446
-32.92039775055618
-33.39443063075555
-33.85526992219884
-34.30378686940889
-34.74076708508719
-35.16691482129125
-35.58286370938447
-35.98919896817932
-36.3864451016399
-36.77508998821932
-37.15557149838831
-37.52829882335513
-37.893642176358235
-38.251962337357476
-38.60356728544266
-38.9487545132323
-24.406122446910086
-24.288779390380313
-24.170204903977822
-24.050376330183198
-23.92925667854647
-23.80682114034759
-23.683025360698323
-23.557846400355984
-23.431246999517874
-23.30316613425191
-23.17359805129946
-23.042476251451923
-22.90976957458445
-22.775428021704485
-22.63940910062025
-22.501659305139114
-22.362111948357843
-22.22072834229139
-22.077450582206243
-21.932208917053366
-21.78494420346117
-21.63558628557158
-21.48406258585751
-21.33029395635291
-21.174210135908453
-21.01570673178487
-20.854707741684738
-20.691113988065226
-20.524816278689386
-20.355709617117657
-20.18367395801857
-20.008577355469164
-19.830298942947426
-19.648689663615375
-19.46358998748326
-19.274831337063052
-19.082235175861737
-18.885597439403245
-18.684714620435404
-18.479348831960905
-18.269269809851156
-18.05415546803223
-17.83374350879536
-17.60765935287393
-17.375562598079743
-17.13703466594057
-16.891611166683614
-16.63878071396601
-16.377963410312216
-16.108505268132138
-15.829659445880885
-15.54056992972527
-15.240248894096437
-14.927545691149113
-14.601105768939483
-14.259321441285
-13.900263082356233
-13.521576817636262
-13.120349544964242
-12.692906210012227
-12.23450395307518
-11.738857204844507
-11.197349095485878
-10.597641159871788
-9.921032652359136
-9.136841771871765
-8.188331564302624
-6.946970768929889
-4.953159533755024
4.518467133932007
6.7387472112380316
8.040324952489465
9.018643947429082
9.82112463329068
9.813305853550586
-13.173540898007385
-12.749517717712065
23.886267580221084
38.915759442152066
36.4566210818773
33.61145944470819
30.180148077995362
25.716036341140136
18.684710087929187
-15.821194433779315
-24.353366505681752
-29.211712666076174
-32.83799377519171
-35.802760737840856
-38.34405507155801
-40.58680116998909
-42.605694154508356
-44.44937525375365
-46.15149666774162
-47.73642239982617
-49.22242690213294
-50.623605733777474
-51.95109010402922
-53.21384022952106
-54.41918848017652
18.752695734300328
36.95739683032708
41.83760733820317
41.60719513590806
41.37405998981383
41.13812078875107
40.89931075586293
40.6575316497548
40.41271018013536
40.16473863065001
39.91353412760108
39.65898812589815
39.400993404035276
39.13944027533306
38.87420557487612
38.605165534125376
38.33218687995074
38.055131588871085
37.77384938314816
37.48818339048788
37.19796519048924
36.903015821848996
36.60313935640524
36.298152854831955
35.98781839580374
35.67191321776321
35.35018727881271
35.02237275054851
34.68818188574632
34.347303772591886
33.99940002317885
33.64410722411354
33.281029914884336
32.90973584003873
32.52975272444192
32.14056115857627
31.741596016663895
31.332236268402564
30.91177302454279
30.479439452933267
30.03437069403501
29.57559743123708
29.102025924500676
28.612412152281546
28.105337819804245
27.579173469455345
27.032027711712423
26.46168677552389
25.865546217972547
25.240475658044126
24.5827163752429
23.8876495827681
23.149495069596398
22.3609141886525
21.51231486113989
20.59081528008677
19.578414155000498
18.448760327181148
17.16059680185517
15.642995729877867
13.75452899721254
11.123744840213982
5.320917815224694
-10.244459398885176
-13.201859181600334
-15.22149034338367
-16.812811000281872
-18.149182356505147
-19.313230357530973
-20.351704075608183
-21.293720108616238
-22.1589830471743
-22.9614236284597
-23.71131858039709
-24.41649769340006
-25.083059994103095
-25.715905429730636
-26.318963519896883
-26.89550674241342
-27.448256309031997
-27.979514509362136
-28.491246599834316
-28.985141458627652
-29.46266084293917
-29.925099601643495
-30.37357479179905
-30.80908967603185
-31.23253773399986
-31.64470186975545
-32.04630493570983
-32.43797957180402
-32.82032196943912
-33.193853357053435
-33.55905740190345
-33.91637381246314
-34.26620800276003
-34.60893605522981
-34.94489530321357
-35.27440731219862
-35.59775732065581
-28.520740422377642
-28.368649890037943
-28.21481031994293
-28.059176615731026
-27.901709332145185
-27.742340590926602
-27.581027588545524
-27.41771157841445
-27.252327534768234
-27.084823206460776
-26.915126929782577
-26.743167160440866
-26.568877877641718
-26.392179589413047
-26.21298928570719
-26.03122896166902
-25.846811064229506
-25.659616556524668
-25.469578157656727
-25.27656092806898
-25.080463332819885
-24.881167477600354
-24.67853796013644
-24.47244024197069
-24.262724164181208
-24.049242926675355
-23.831809292421724
-23.610255643266743
-23.38437930886155
-23.153971920615135
-22.91879622000579
-22.678625061432435
-22.433176120689012
-22.182151621235032
-21.925236684050798
-21.662076719547763
-21.392279256428065
-21.115439773729364
-20.831054194569234
-20.538618903118586
-20.237525766852833
-19.927132641528242
-19.60667563369666
-19.275320855012726
-18.932097984210806
-18.57588576805607
-18.205396148923498
-17.819106891661008
-17.415242169395167
-16.991652109471836
-16.545750934083106
-16.07436871807973
-15.57352669197253
-15.038156331573028
-14.461622100623284
-13.834981405093652
-13.145707284552108
-12.375346262081248
-11.494820626780593
-10.45360893385099
-9.149208663029388
-7.302166154628611
-2.3426916481680977
7.137766933420058
9.04570640097018
9.856592420874
9.836592420874087
9.816592420874255
-11.052155253990666
-9.911035328109884
16.56357446146015
29.33309898194365
28.665166051154426
27.29826044518356
25.778641289327744
24.05491390673983
22.040665484631194
19.570042493909206
16.2397067655701
10.229984451544729
-12.89003886819359
-17.49419555878372
-20.461237208105832
-22.752609144618607
-24.657055382619163
-26.30547225681324
-27.769666516440264
-29.093796580313853
-30.307180341182125
-31.4304042630616
-32.47853076168773
-33.46295987942597
-34.392550094527586
-35.27433423952397
-36.114004751777266
-36.91623905461636
-37.684933988925465
-38.423373759266916
-39.134355419123416
-39.82028206739035
20.31944889944698
38.92054487348161
43.61894454270328
43.37689869706141
43.131972323267775
42.8840843730295
42.63314979891768
42.379079555881134
42.12178023218978
41.86115395173069
41.59709711902495
41.32950185666902
41.058253244539586
40.783230752057854
40.50430753636981
40.22134938830489
39.93421324273559
39.642752567043736
39.346801422925765
39.04619449911678
38.74075313157597
38.43027827610541
38.11457623167816
37.79342186342127
37.4665822980438
37.133808495164836
36.794829833507684
36.449361100106096
36.09709108617994
35.73767874803934
35.37076094650747
34.995950145477714
34.61280508950182
34.2208659765149
33.81961485775584
33.40848904286329
32.986870194780046
32.55407348291394
32.10933465026561
31.65180779950921
31.18054239612271
30.69447307625607
30.192392021570203
29.672919209787985
29.134486313969695
28.575269069032416
27.993167538216195
27.38568473410907
26.74988343053905
26.08222916291389
25.378424003986666
24.63315699233491
23.839743420481913
22.989587287853794
22.071329971875755
21.06947064365114
19.96193351972459
18.715530214321223
17.2763730985251
15.546496525198634
13.310839320809752
9.862320659419531
-7.605292561748259
-12.251762004968134
-14.794561307632726
-16.675938886812624
-18.207951689137364
-19.518096101278367
-20.67257831821051
-21.71072530542335
-22.658019668823655
-23.532049712651396
-24.34550789529999
-25.107885871043994
-25.826511519843656
-26.50715219448908
-27.154447762667303
-27.772191851058402
-28.36353054277588
-28.93110436458559
-29.477156786197494
-30.003600121113358
-30.512102076000918
-31.004104555921028
-31.480870895132636
-31.94351997872779
-32.39304739322265
-32.830327021269056
-33.256160580111484
-33.67125362786298
-34.07625152229514
-34.47173814819647
-34.858242961141215
-35.23625231774788
-35.60620997893811
-35.968521047879285
-36.323563458981994
-36.67168183779711
-37.013197005419606
-37.34840668654246
